unix_ts,namespace,pod,cpu_m,mem_mib
1782212159,tc-26-6-1-1-8,osmo-bsc-594654bd47-589jj,9,5
1782212159,tc-26-6-1-1-8,osmo-bts-virtual-5f8b9b86fc-w94p4,8,0
1782212159,tc-26-6-1-1-8,osmo-hlr-546bdb8988-p2k4t,6,2
1782212159,tc-26-6-1-1-8,osmo-mgw-8c8fc67d6-hxq6f,5,2
1782212159,tc-26-6-1-1-8,osmo-mobile-66cdb6fdb-5v8kp,25,36
1782212159,tc-26-6-1-1-8,osmo-stp-768687f494-brbsd,6,2
1782212161,tc-26-6-1-1-8,osmo-bsc-594654bd47-589jj,9,5
1782212161,tc-26-6-1-1-8,osmo-bts-virtual-5f8b9b86fc-w94p4,8,0
1782212161,tc-26-6-1-1-8,osmo-hlr-546bdb8988-p2k4t,6,2
1782212161,tc-26-6-1-1-8,osmo-mgw-8c8fc67d6-hxq6f,5,2
1782212161,tc-26-6-1-1-8,osmo-mobile-66cdb6fdb-5v8kp,25,36
1782212161,tc-26-6-1-1-8,osmo-stp-768687f494-brbsd,6,2
1782212163,tc-26-6-1-1-8,osmo-bsc-594654bd47-589jj,9,5
1782212163,tc-26-6-1-1-8,osmo-bts-virtual-5f8b9b86fc-w94p4,8,0
1782212163,tc-26-6-1-1-8,osmo-hlr-546bdb8988-p2k4t,6,2
1782212163,tc-26-6-1-1-8,osmo-mgw-8c8fc67d6-hxq6f,5,2
1782212163,tc-26-6-1-1-8,osmo-mobile-66cdb6fdb-5v8kp,25,36
1782212163,tc-26-6-1-1-8,osmo-stp-768687f494-brbsd,6,2
1782212166,tc-26-6-1-1-8,osmo-bsc-594654bd47-589jj,9,5
1782212166,tc-26-6-1-1-8,osmo-bts-virtual-5f8b9b86fc-w94p4,8,0
1782212166,tc-26-6-1-1-8,osmo-hlr-546bdb8988-p2k4t,6,2
1782212166,tc-26-6-1-1-8,osmo-mgw-8c8fc67d6-hxq6f,5,2
1782212166,tc-26-6-1-1-8,osmo-mobile-66cdb6fdb-5v8kp,25,36
1782212166,tc-26-6-1-1-8,osmo-stp-768687f494-brbsd,6,2
1782212176,tc-26-6-1-1-8,msc-test-stub-5b875d749d-nv4dq,8,16
1782212176,tc-26-6-1-1-8,osmo-bsc-594654bd47-589jj,1,5
1782212176,tc-26-6-1-1-8,osmo-bts-virtual-5f8b9b86fc-w94p4,24,5
1782212176,tc-26-6-1-1-8,osmo-hlr-546bdb8988-p2k4t,1,2
1782212176,tc-26-6-1-1-8,osmo-mgw-8c8fc67d6-hxq6f,1,2
1782212176,tc-26-6-1-1-8,osmo-mobile-66cdb6fdb-5v8kp,24,36
1782212176,tc-26-6-1-1-8,osmo-stp-768687f494-brbsd,1,2
1782212176,tc-26-6-1-1-8,virtphy-8b8694c65-sm67d,6,1
1782212178,tc-26-6-1-1-8,msc-test-stub-5b875d749d-nv4dq,8,16
1782212178,tc-26-6-1-1-8,osmo-bsc-594654bd47-589jj,1,5
1782212178,tc-26-6-1-1-8,osmo-bts-virtual-5f8b9b86fc-w94p4,24,5
1782212178,tc-26-6-1-1-8,osmo-hlr-546bdb8988-p2k4t,1,2
1782212178,tc-26-6-1-1-8,osmo-mgw-8c8fc67d6-hxq6f,1,2
1782212178,tc-26-6-1-1-8,osmo-mobile-66cdb6fdb-5v8kp,24,36
1782212178,tc-26-6-1-1-8,osmo-stp-768687f494-brbsd,1,2
1782212178,tc-26-6-1-1-8,virtphy-8b8694c65-sm67d,6,1
1782212181,tc-26-6-1-1-8,msc-test-stub-5b875d749d-nv4dq,8,16
1782212181,tc-26-6-1-1-8,osmo-bsc-594654bd47-589jj,1,5
1782212181,tc-26-6-1-1-8,osmo-bts-virtual-5f8b9b86fc-w94p4,24,5
1782212181,tc-26-6-1-1-8,osmo-hlr-546bdb8988-p2k4t,1,2
1782212181,tc-26-6-1-1-8,osmo-mgw-8c8fc67d6-hxq6f,1,2
1782212181,tc-26-6-1-1-8,osmo-mobile-66cdb6fdb-5v8kp,24,36
1782212181,tc-26-6-1-1-8,osmo-stp-768687f494-brbsd,1,2
1782212181,tc-26-6-1-1-8,virtphy-8b8694c65-sm67d,6,1
1782212183,tc-26-6-1-1-8,msc-test-stub-5b875d749d-nv4dq,8,16
1782212183,tc-26-6-1-1-8,osmo-bsc-594654bd47-589jj,1,5
1782212183,tc-26-6-1-1-8,osmo-bts-virtual-5f8b9b86fc-w94p4,24,5
1782212183,tc-26-6-1-1-8,osmo-hlr-546bdb8988-p2k4t,1,2
1782212183,tc-26-6-1-1-8,osmo-mgw-8c8fc67d6-hxq6f,1,2
1782212183,tc-26-6-1-1-8,osmo-mobile-66cdb6fdb-5v8kp,24,36
1782212183,tc-26-6-1-1-8,osmo-stp-768687f494-brbsd,1,2
1782212183,tc-26-6-1-1-8,virtphy-8b8694c65-sm67d,6,1
1782212185,tc-26-6-1-1-8,msc-test-stub-5b875d749d-nv4dq,8,16
1782212185,tc-26-6-1-1-8,osmo-bsc-594654bd47-589jj,1,5
1782212185,tc-26-6-1-1-8,osmo-bts-virtual-5f8b9b86fc-w94p4,24,5
1782212185,tc-26-6-1-1-8,osmo-hlr-546bdb8988-p2k4t,1,2
1782212185,tc-26-6-1-1-8,osmo-mgw-8c8fc67d6-hxq6f,1,2
1782212185,tc-26-6-1-1-8,osmo-mobile-66cdb6fdb-5v8kp,24,36
1782212185,tc-26-6-1-1-8,osmo-stp-768687f494-brbsd,1,2
1782212185,tc-26-6-1-1-8,virtphy-8b8694c65-sm67d,6,1
1782212188,tc-26-6-1-1-8,msc-test-stub-5b875d749d-nv4dq,8,16
1782212188,tc-26-6-1-1-8,osmo-bsc-594654bd47-589jj,1,5
1782212188,tc-26-6-1-1-8,osmo-bts-virtual-5f8b9b86fc-w94p4,24,5
1782212188,tc-26-6-1-1-8,osmo-hlr-546bdb8988-p2k4t,1,2
1782212188,tc-26-6-1-1-8,osmo-mgw-8c8fc67d6-hxq6f,1,2
1782212188,tc-26-6-1-1-8,osmo-mobile-66cdb6fdb-5v8kp,3,36
1782212188,tc-26-6-1-1-8,osmo-stp-768687f494-brbsd,1,2
1782212188,tc-26-6-1-1-8,virtphy-8b8694c65-sm67d,7,1
1782212192,tc-26-6-1-1-8,msc-test-stub-5b875d749d-nv4dq,8,16
1782212192,tc-26-6-1-1-8,osmo-bsc-594654bd47-589jj,1,5
1782212192,tc-26-6-1-1-8,osmo-bts-virtual-5f8b9b86fc-w94p4,24,5
1782212192,tc-26-6-1-1-8,osmo-hlr-546bdb8988-p2k4t,1,2
1782212192,tc-26-6-1-1-8,osmo-mgw-8c8fc67d6-hxq6f,1,2
1782212192,tc-26-6-1-1-8,osmo-mobile-66cdb6fdb-5v8kp,3,36
1782212192,tc-26-6-1-1-8,osmo-stp-768687f494-brbsd,1,2
1782212192,tc-26-6-1-1-8,virtphy-8b8694c65-sm67d,7,1
1782212194,tc-26-6-1-1-8,msc-test-stub-5b875d749d-nv4dq,8,16
1782212194,tc-26-6-1-1-8,osmo-bsc-594654bd47-589jj,1,5
1782212194,tc-26-6-1-1-8,osmo-bts-virtual-5f8b9b86fc-w94p4,24,5
1782212194,tc-26-6-1-1-8,osmo-hlr-546bdb8988-p2k4t,1,2
1782212194,tc-26-6-1-1-8,osmo-mgw-8c8fc67d6-hxq6f,1,2
1782212194,tc-26-6-1-1-8,osmo-mobile-66cdb6fdb-5v8kp,3,36
1782212194,tc-26-6-1-1-8,osmo-stp-768687f494-brbsd,1,2
1782212194,tc-26-6-1-1-8,virtphy-8b8694c65-sm67d,7,1
1782212196,tc-26-6-1-1-8,msc-test-stub-5b875d749d-nv4dq,8,16
1782212196,tc-26-6-1-1-8,osmo-bsc-594654bd47-589jj,1,5
1782212196,tc-26-6-1-1-8,osmo-bts-virtual-5f8b9b86fc-w94p4,24,5
1782212196,tc-26-6-1-1-8,osmo-hlr-546bdb8988-p2k4t,1,2
1782212196,tc-26-6-1-1-8,osmo-mgw-8c8fc67d6-hxq6f,1,2
1782212196,tc-26-6-1-1-8,osmo-mobile-66cdb6fdb-5v8kp,3,36
1782212196,tc-26-6-1-1-8,osmo-stp-768687f494-brbsd,1,2
1782212196,tc-26-6-1-1-8,virtphy-8b8694c65-sm67d,7,1
1782212199,tc-26-6-1-1-8,msc-test-stub-5b875d749d-nv4dq,8,16
1782212199,tc-26-6-1-1-8,osmo-bsc-594654bd47-589jj,1,5
1782212199,tc-26-6-1-1-8,osmo-bts-virtual-5f8b9b86fc-w94p4,24,5
1782212199,tc-26-6-1-1-8,osmo-hlr-546bdb8988-p2k4t,1,2
1782212199,tc-26-6-1-1-8,osmo-mgw-8c8fc67d6-hxq6f,1,2
1782212199,tc-26-6-1-1-8,osmo-mobile-66cdb6fdb-5v8kp,3,36
1782212199,tc-26-6-1-1-8,osmo-stp-768687f494-brbsd,1,2
1782212199,tc-26-6-1-1-8,virtphy-8b8694c65-sm67d,7,1
1782212201,tc-26-6-1-1-8,msc-test-stub-5b875d749d-nv4dq,8,16
1782212201,tc-26-6-1-1-8,osmo-bsc-594654bd47-589jj,1,5
1782212201,tc-26-6-1-1-8,osmo-bts-virtual-5f8b9b86fc-w94p4,24,5
1782212201,tc-26-6-1-1-8,osmo-hlr-546bdb8988-p2k4t,1,2
1782212201,tc-26-6-1-1-8,osmo-mgw-8c8fc67d6-hxq6f,1,2
1782212201,tc-26-6-1-1-8,osmo-mobile-66cdb6fdb-5v8kp,3,36
1782212201,tc-26-6-1-1-8,osmo-stp-768687f494-brbsd,1,2
1782212201,tc-26-6-1-1-8,virtphy-8b8694c65-sm67d,7,1
1782212203,tc-26-6-1-1-8,msc-test-stub-5b875d749d-nv4dq,2,16
1782212203,tc-26-6-1-1-8,osmo-bsc-594654bd47-589jj,1,5
1782212203,tc-26-6-1-1-8,osmo-bts-virtual-5f8b9b86fc-w94p4,26,5
1782212203,tc-26-6-1-1-8,osmo-hlr-546bdb8988-p2k4t,1,2
1782212203,tc-26-6-1-1-8,osmo-mgw-8c8fc67d6-hxq6f,1,2
1782212203,tc-26-6-1-1-8,osmo-mobile-66cdb6fdb-5v8kp,4,36
1782212203,tc-26-6-1-1-8,osmo-stp-768687f494-brbsd,1,2
1782212203,tc-26-6-1-1-8,ttcn3-tc-26-6-1-1-1-zhmxx,13,6
1782212203,tc-26-6-1-1-8,virtphy-8b8694c65-sm67d,7,1
1782212205,tc-26-6-1-1-8,msc-test-stub-5b875d749d-nv4dq,2,16
1782212205,tc-26-6-1-1-8,osmo-bsc-594654bd47-589jj,1,5
1782212205,tc-26-6-1-1-8,osmo-bts-virtual-5f8b9b86fc-w94p4,26,5
1782212205,tc-26-6-1-1-8,osmo-hlr-546bdb8988-p2k4t,1,2
1782212205,tc-26-6-1-1-8,osmo-mgw-8c8fc67d6-hxq6f,1,2
1782212205,tc-26-6-1-1-8,osmo-mobile-66cdb6fdb-5v8kp,4,36
1782212205,tc-26-6-1-1-8,osmo-stp-768687f494-brbsd,1,2
1782212205,tc-26-6-1-1-8,ttcn3-tc-26-6-1-1-1-zhmxx,13,6
1782212205,tc-26-6-1-1-8,virtphy-8b8694c65-sm67d,7,1
1782212207,tc-26-6-1-1-8,msc-test-stub-5b875d749d-nv4dq,2,16
1782212207,tc-26-6-1-1-8,osmo-bsc-594654bd47-589jj,1,5
1782212207,tc-26-6-1-1-8,osmo-bts-virtual-5f8b9b86fc-w94p4,26,5
1782212207,tc-26-6-1-1-8,osmo-hlr-546bdb8988-p2k4t,1,2
1782212207,tc-26-6-1-1-8,osmo-mgw-8c8fc67d6-hxq6f,1,2
1782212207,tc-26-6-1-1-8,osmo-mobile-66cdb6fdb-5v8kp,4,36
1782212207,tc-26-6-1-1-8,osmo-stp-768687f494-brbsd,1,2
1782212207,tc-26-6-1-1-8,ttcn3-tc-26-6-1-1-1-zhmxx,13,6
1782212207,tc-26-6-1-1-8,virtphy-8b8694c65-sm67d,7,1
1782212210,tc-26-6-1-1-8,msc-test-stub-5b875d749d-nv4dq,2,16
1782212210,tc-26-6-1-1-8,osmo-bsc-594654bd47-589jj,1,5
1782212210,tc-26-6-1-1-8,osmo-bts-virtual-5f8b9b86fc-w94p4,26,5
1782212210,tc-26-6-1-1-8,osmo-hlr-546bdb8988-p2k4t,1,2
1782212210,tc-26-6-1-1-8,osmo-mgw-8c8fc67d6-hxq6f,1,2
1782212210,tc-26-6-1-1-8,osmo-mobile-66cdb6fdb-5v8kp,4,36
1782212210,tc-26-6-1-1-8,osmo-stp-768687f494-brbsd,1,2
1782212210,tc-26-6-1-1-8,ttcn3-tc-26-6-1-1-1-zhmxx,13,6
1782212210,tc-26-6-1-1-8,virtphy-8b8694c65-sm67d,7,1
1782212212,tc-26-6-1-1-8,msc-test-stub-5b875d749d-nv4dq,2,16
1782212212,tc-26-6-1-1-8,osmo-bsc-594654bd47-589jj,1,5
1782212212,tc-26-6-1-1-8,osmo-bts-virtual-5f8b9b86fc-w94p4,26,5
1782212212,tc-26-6-1-1-8,osmo-hlr-546bdb8988-p2k4t,1,2
1782212212,tc-26-6-1-1-8,osmo-mgw-8c8fc67d6-hxq6f,1,2
1782212212,tc-26-6-1-1-8,osmo-mobile-66cdb6fdb-5v8kp,4,36
1782212212,tc-26-6-1-1-8,osmo-stp-768687f494-brbsd,1,2
1782212212,tc-26-6-1-1-8,ttcn3-tc-26-6-1-1-1-zhmxx,13,6
1782212212,tc-26-6-1-1-8,virtphy-8b8694c65-sm67d,7,1
1782212214,tc-26-6-1-1-8,msc-test-stub-5b875d749d-nv4dq,2,16
1782212214,tc-26-6-1-1-8,osmo-bsc-594654bd47-589jj,1,5
1782212214,tc-26-6-1-1-8,osmo-bts-virtual-5f8b9b86fc-w94p4,26,5
1782212214,tc-26-6-1-1-8,osmo-hlr-546bdb8988-p2k4t,1,2
1782212214,tc-26-6-1-1-8,osmo-mgw-8c8fc67d6-hxq6f,1,2
1782212214,tc-26-6-1-1-8,osmo-mobile-66cdb6fdb-5v8kp,4,36
1782212214,tc-26-6-1-1-8,osmo-stp-768687f494-brbsd,1,2
1782212214,tc-26-6-1-1-8,ttcn3-tc-26-6-1-1-1-zhmxx,13,6
1782212214,tc-26-6-1-1-8,virtphy-8b8694c65-sm67d,7,1
1782212216,tc-26-6-1-1-8,msc-test-stub-5b875d749d-nv4dq,2,16
1782212216,tc-26-6-1-1-8,osmo-bsc-594654bd47-589jj,1,5
1782212216,tc-26-6-1-1-8,osmo-bts-virtual-5f8b9b86fc-w94p4,26,5
1782212216,tc-26-6-1-1-8,osmo-hlr-546bdb8988-p2k4t,1,2
1782212216,tc-26-6-1-1-8,osmo-mgw-8c8fc67d6-hxq6f,1,2
1782212216,tc-26-6-1-1-8,osmo-mobile-66cdb6fdb-5v8kp,4,36
1782212216,tc-26-6-1-1-8,osmo-stp-768687f494-brbsd,1,2
1782212216,tc-26-6-1-1-8,ttcn3-tc-26-6-1-1-1-zhmxx,13,6
1782212216,tc-26-6-1-1-8,virtphy-8b8694c65-sm67d,7,1
1782212219,tc-26-6-1-1-8,msc-test-stub-5b875d749d-nv4dq,1,16
1782212219,tc-26-6-1-1-8,osmo-bsc-594654bd47-589jj,1,5
1782212219,tc-26-6-1-1-8,osmo-bts-virtual-5f8b9b86fc-w94p4,21,5
1782212219,tc-26-6-1-1-8,osmo-hlr-546bdb8988-p2k4t,1,2
1782212219,tc-26-6-1-1-8,osmo-mgw-8c8fc67d6-hxq6f,1,2
1782212219,tc-26-6-1-1-8,osmo-mobile-66cdb6fdb-5v8kp,3,36
1782212219,tc-26-6-1-1-8,osmo-stp-768687f494-brbsd,1,2
1782212219,tc-26-6-1-1-8,ttcn3-tc-26-6-1-1-1-zhmxx,1,6
1782212219,tc-26-6-1-1-8,virtphy-8b8694c65-sm67d,6,1
1782212221,tc-26-6-1-1-8,msc-test-stub-5b875d749d-nv4dq,1,16
1782212221,tc-26-6-1-1-8,osmo-bsc-594654bd47-589jj,1,5
1782212221,tc-26-6-1-1-8,osmo-bts-virtual-5f8b9b86fc-w94p4,21,5
1782212221,tc-26-6-1-1-8,osmo-hlr-546bdb8988-p2k4t,1,2
1782212221,tc-26-6-1-1-8,osmo-mgw-8c8fc67d6-hxq6f,1,2
1782212221,tc-26-6-1-1-8,osmo-mobile-66cdb6fdb-5v8kp,3,36
1782212221,tc-26-6-1-1-8,osmo-stp-768687f494-brbsd,1,2
1782212221,tc-26-6-1-1-8,ttcn3-tc-26-6-1-1-1-zhmxx,1,6
1782212221,tc-26-6-1-1-8,virtphy-8b8694c65-sm67d,6,1
1782212223,tc-26-6-1-1-8,msc-test-stub-5b875d749d-nv4dq,1,16
1782212223,tc-26-6-1-1-8,osmo-bsc-594654bd47-589jj,1,5
1782212223,tc-26-6-1-1-8,osmo-bts-virtual-5f8b9b86fc-w94p4,21,5
1782212223,tc-26-6-1-1-8,osmo-hlr-546bdb8988-p2k4t,1,2
1782212223,tc-26-6-1-1-8,osmo-mgw-8c8fc67d6-hxq6f,1,2
1782212223,tc-26-6-1-1-8,osmo-mobile-66cdb6fdb-5v8kp,3,36
1782212223,tc-26-6-1-1-8,osmo-stp-768687f494-brbsd,1,2
1782212223,tc-26-6-1-1-8,ttcn3-tc-26-6-1-1-1-zhmxx,1,6
1782212223,tc-26-6-1-1-8,virtphy-8b8694c65-sm67d,6,1
1782212225,tc-26-6-1-1-8,msc-test-stub-5b875d749d-nv4dq,1,16
1782212225,tc-26-6-1-1-8,osmo-bsc-594654bd47-589jj,1,5
1782212225,tc-26-6-1-1-8,osmo-bts-virtual-5f8b9b86fc-w94p4,21,5
1782212225,tc-26-6-1-1-8,osmo-hlr-546bdb8988-p2k4t,1,2
1782212225,tc-26-6-1-1-8,osmo-mgw-8c8fc67d6-hxq6f,1,2
1782212225,tc-26-6-1-1-8,osmo-mobile-66cdb6fdb-5v8kp,3,36
1782212225,tc-26-6-1-1-8,osmo-stp-768687f494-brbsd,1,2
1782212225,tc-26-6-1-1-8,ttcn3-tc-26-6-1-1-1-zhmxx,1,6
1782212225,tc-26-6-1-1-8,virtphy-8b8694c65-sm67d,6,1
1782212227,tc-26-6-1-1-8,msc-test-stub-5b875d749d-nv4dq,1,16
1782212227,tc-26-6-1-1-8,osmo-bsc-594654bd47-589jj,1,5
1782212227,tc-26-6-1-1-8,osmo-bts-virtual-5f8b9b86fc-w94p4,21,5
1782212227,tc-26-6-1-1-8,osmo-hlr-546bdb8988-p2k4t,1,2
1782212227,tc-26-6-1-1-8,osmo-mgw-8c8fc67d6-hxq6f,1,2
1782212227,tc-26-6-1-1-8,osmo-mobile-66cdb6fdb-5v8kp,3,36
1782212227,tc-26-6-1-1-8,osmo-stp-768687f494-brbsd,1,2
1782212227,tc-26-6-1-1-8,ttcn3-tc-26-6-1-1-1-zhmxx,1,6
1782212227,tc-26-6-1-1-8,virtphy-8b8694c65-sm67d,6,1
1782212229,tc-26-6-1-1-8,msc-test-stub-5b875d749d-nv4dq,1,16
1782212229,tc-26-6-1-1-8,osmo-bsc-594654bd47-589jj,1,5
1782212229,tc-26-6-1-1-8,osmo-bts-virtual-5f8b9b86fc-w94p4,21,5
1782212229,tc-26-6-1-1-8,osmo-hlr-546bdb8988-p2k4t,1,2
1782212229,tc-26-6-1-1-8,osmo-mgw-8c8fc67d6-hxq6f,1,2
1782212229,tc-26-6-1-1-8,osmo-mobile-66cdb6fdb-5v8kp,3,36
1782212229,tc-26-6-1-1-8,osmo-stp-768687f494-brbsd,1,2
1782212229,tc-26-6-1-1-8,ttcn3-tc-26-6-1-1-1-zhmxx,1,6
1782212229,tc-26-6-1-1-8,virtphy-8b8694c65-sm67d,6,1
1782212232,tc-26-6-1-1-8,msc-test-stub-5b875d749d-nv4dq,1,16
1782212232,tc-26-6-1-1-8,osmo-bsc-594654bd47-589jj,1,5
1782212232,tc-26-6-1-1-8,osmo-bts-virtual-5f8b9b86fc-w94p4,20,5
1782212232,tc-26-6-1-1-8,osmo-hlr-546bdb8988-p2k4t,1,2
1782212232,tc-26-6-1-1-8,osmo-mgw-8c8fc67d6-hxq6f,1,2
1782212232,tc-26-6-1-1-8,osmo-mobile-66cdb6fdb-5v8kp,3,36
1782212232,tc-26-6-1-1-8,osmo-stp-768687f494-brbsd,1,2
1782212232,tc-26-6-1-1-8,ttcn3-tc-26-6-1-1-1-zhmxx,1,6
1782212232,tc-26-6-1-1-8,virtphy-8b8694c65-sm67d,6,1
1782212235,tc-26-6-1-1-8,msc-test-stub-5b875d749d-nv4dq,1,16
1782212235,tc-26-6-1-1-8,osmo-bsc-594654bd47-589jj,1,5
1782212235,tc-26-6-1-1-8,osmo-bts-virtual-5f8b9b86fc-w94p4,20,5
1782212235,tc-26-6-1-1-8,osmo-hlr-546bdb8988-p2k4t,1,2
1782212235,tc-26-6-1-1-8,osmo-mgw-8c8fc67d6-hxq6f,1,2
1782212235,tc-26-6-1-1-8,osmo-mobile-66cdb6fdb-5v8kp,3,36
1782212235,tc-26-6-1-1-8,osmo-stp-768687f494-brbsd,1,2
1782212235,tc-26-6-1-1-8,ttcn3-tc-26-6-1-1-1-zhmxx,1,6
1782212235,tc-26-6-1-1-8,virtphy-8b8694c65-sm67d,6,1
1782212238,tc-26-6-1-1-8,msc-test-stub-5b875d749d-nv4dq,1,16
1782212238,tc-26-6-1-1-8,osmo-bsc-594654bd47-589jj,1,5
1782212238,tc-26-6-1-1-8,osmo-bts-virtual-5f8b9b86fc-w94p4,20,5
1782212238,tc-26-6-1-1-8,osmo-hlr-546bdb8988-p2k4t,1,2
1782212238,tc-26-6-1-1-8,osmo-mgw-8c8fc67d6-hxq6f,1,2
1782212238,tc-26-6-1-1-8,osmo-mobile-66cdb6fdb-5v8kp,3,36
1782212238,tc-26-6-1-1-8,osmo-stp-768687f494-brbsd,1,2
1782212238,tc-26-6-1-1-8,ttcn3-tc-26-6-1-1-1-zhmxx,1,6
1782212238,tc-26-6-1-1-8,virtphy-8b8694c65-sm67d,6,1
1782212240,tc-26-6-1-1-8,msc-test-stub-5b875d749d-nv4dq,1,16
1782212240,tc-26-6-1-1-8,osmo-bsc-594654bd47-589jj,1,5
1782212240,tc-26-6-1-1-8,osmo-bts-virtual-5f8b9b86fc-w94p4,20,5
1782212240,tc-26-6-1-1-8,osmo-hlr-546bdb8988-p2k4t,1,2
1782212240,tc-26-6-1-1-8,osmo-mgw-8c8fc67d6-hxq6f,1,2
1782212240,tc-26-6-1-1-8,osmo-mobile-66cdb6fdb-5v8kp,3,36
1782212240,tc-26-6-1-1-8,osmo-stp-768687f494-brbsd,1,2
1782212240,tc-26-6-1-1-8,ttcn3-tc-26-6-1-1-1-zhmxx,1,6
1782212240,tc-26-6-1-1-8,virtphy-8b8694c65-sm67d,6,1
1782212243,tc-26-6-1-1-8,msc-test-stub-5b875d749d-nv4dq,1,16
1782212243,tc-26-6-1-1-8,osmo-bsc-594654bd47-589jj,1,5
1782212243,tc-26-6-1-1-8,osmo-bts-virtual-5f8b9b86fc-w94p4,20,5
1782212243,tc-26-6-1-1-8,osmo-hlr-546bdb8988-p2k4t,1,2
1782212243,tc-26-6-1-1-8,osmo-mgw-8c8fc67d6-hxq6f,1,2
1782212243,tc-26-6-1-1-8,osmo-mobile-66cdb6fdb-5v8kp,3,36
1782212243,tc-26-6-1-1-8,osmo-stp-768687f494-brbsd,1,2
1782212243,tc-26-6-1-1-8,ttcn3-tc-26-6-1-1-1-zhmxx,1,6
1782212243,tc-26-6-1-1-8,virtphy-8b8694c65-sm67d,6,1
1782212245,tc-26-6-1-1-8,msc-test-stub-5b875d749d-nv4dq,1,16
1782212245,tc-26-6-1-1-8,osmo-bsc-594654bd47-589jj,1,5
1782212245,tc-26-6-1-1-8,osmo-bts-virtual-5f8b9b86fc-w94p4,20,5
1782212245,tc-26-6-1-1-8,osmo-hlr-546bdb8988-p2k4t,1,2
1782212245,tc-26-6-1-1-8,osmo-mgw-8c8fc67d6-hxq6f,1,2
1782212245,tc-26-6-1-1-8,osmo-mobile-66cdb6fdb-5v8kp,3,36
1782212245,tc-26-6-1-1-8,osmo-stp-768687f494-brbsd,1,2
1782212245,tc-26-6-1-1-8,ttcn3-tc-26-6-1-1-1-zhmxx,1,6
1782212245,tc-26-6-1-1-8,virtphy-8b8694c65-sm67d,6,1
1782212247,tc-26-6-1-1-8,msc-test-stub-5b875d749d-nv4dq,1,16
1782212247,tc-26-6-1-1-8,osmo-bsc-594654bd47-589jj,1,5
1782212247,tc-26-6-1-1-8,osmo-bts-virtual-5f8b9b86fc-w94p4,20,5
1782212247,tc-26-6-1-1-8,osmo-hlr-546bdb8988-p2k4t,1,2
1782212247,tc-26-6-1-1-8,osmo-mgw-8c8fc67d6-hxq6f,1,2
1782212247,tc-26-6-1-1-8,osmo-mobile-66cdb6fdb-5v8kp,3,36
1782212247,tc-26-6-1-1-8,osmo-stp-768687f494-brbsd,1,2
1782212247,tc-26-6-1-1-8,ttcn3-tc-26-6-1-1-1-zhmxx,1,6
1782212247,tc-26-6-1-1-8,virtphy-8b8694c65-sm67d,6,1
1782212250,tc-26-6-1-1-8,msc-test-stub-5b875d749d-nv4dq,1,16
1782212250,tc-26-6-1-1-8,osmo-bsc-594654bd47-589jj,1,5
1782212250,tc-26-6-1-1-8,osmo-bts-virtual-5f8b9b86fc-w94p4,20,5
1782212250,tc-26-6-1-1-8,osmo-hlr-546bdb8988-p2k4t,1,2
1782212250,tc-26-6-1-1-8,osmo-mgw-8c8fc67d6-hxq6f,1,2
1782212250,tc-26-6-1-1-8,osmo-mobile-66cdb6fdb-5v8kp,3,36
1782212250,tc-26-6-1-1-8,osmo-stp-768687f494-brbsd,1,2
1782212250,tc-26-6-1-1-8,ttcn3-tc-26-6-1-1-1-zhmxx,1,6
1782212250,tc-26-6-1-1-8,virtphy-8b8694c65-sm67d,6,1
1782212252,tc-26-6-1-1-8,msc-test-stub-5b875d749d-nv4dq,1,16
1782212252,tc-26-6-1-1-8,osmo-bsc-594654bd47-589jj,1,5
1782212252,tc-26-6-1-1-8,osmo-bts-virtual-5f8b9b86fc-w94p4,20,5
1782212252,tc-26-6-1-1-8,osmo-hlr-546bdb8988-p2k4t,1,2
1782212252,tc-26-6-1-1-8,osmo-mgw-8c8fc67d6-hxq6f,1,2
1782212252,tc-26-6-1-1-8,osmo-mobile-66cdb6fdb-5v8kp,3,36
1782212252,tc-26-6-1-1-8,osmo-stp-768687f494-brbsd,1,2
1782212252,tc-26-6-1-1-8,ttcn3-tc-26-6-1-1-1-zhmxx,1,6
1782212252,tc-26-6-1-1-8,virtphy-8b8694c65-sm67d,6,1
1782212254,tc-26-6-1-1-8,msc-test-stub-5b875d749d-nv4dq,1,16
1782212254,tc-26-6-1-1-8,osmo-bsc-594654bd47-589jj,1,5
1782212254,tc-26-6-1-1-8,osmo-bts-virtual-5f8b9b86fc-w94p4,20,5
1782212254,tc-26-6-1-1-8,osmo-hlr-546bdb8988-p2k4t,1,2
1782212254,tc-26-6-1-1-8,osmo-mgw-8c8fc67d6-hxq6f,1,2
1782212254,tc-26-6-1-1-8,osmo-mobile-66cdb6fdb-5v8kp,3,36
1782212254,tc-26-6-1-1-8,osmo-stp-768687f494-brbsd,1,2
1782212254,tc-26-6-1-1-8,ttcn3-tc-26-6-1-1-1-zhmxx,1,6
1782212254,tc-26-6-1-1-8,virtphy-8b8694c65-sm67d,6,1
1782212256,tc-26-6-1-1-8,msc-test-stub-5b875d749d-nv4dq,1,16
1782212256,tc-26-6-1-1-8,osmo-bsc-594654bd47-589jj,1,5
1782212256,tc-26-6-1-1-8,osmo-bts-virtual-5f8b9b86fc-w94p4,20,5
1782212256,tc-26-6-1-1-8,osmo-hlr-546bdb8988-p2k4t,1,2
1782212256,tc-26-6-1-1-8,osmo-mgw-8c8fc67d6-hxq6f,1,2
1782212256,tc-26-6-1-1-8,osmo-mobile-66cdb6fdb-5v8kp,3,36
1782212256,tc-26-6-1-1-8,osmo-stp-768687f494-brbsd,1,2
1782212256,tc-26-6-1-1-8,ttcn3-tc-26-6-1-1-1-zhmxx,1,6
1782212256,tc-26-6-1-1-8,virtphy-8b8694c65-sm67d,6,1
1782212258,tc-26-6-1-1-8,msc-test-stub-5b875d749d-nv4dq,1,16
1782212258,tc-26-6-1-1-8,osmo-bsc-594654bd47-589jj,1,5
1782212258,tc-26-6-1-1-8,osmo-bts-virtual-5f8b9b86fc-w94p4,20,5
1782212258,tc-26-6-1-1-8,osmo-hlr-546bdb8988-p2k4t,1,2
1782212258,tc-26-6-1-1-8,osmo-mgw-8c8fc67d6-hxq6f,1,2
1782212258,tc-26-6-1-1-8,osmo-mobile-66cdb6fdb-5v8kp,3,36
1782212258,tc-26-6-1-1-8,osmo-stp-768687f494-brbsd,1,2
1782212258,tc-26-6-1-1-8,ttcn3-tc-26-6-1-1-1-zhmxx,1,6
1782212258,tc-26-6-1-1-8,virtphy-8b8694c65-sm67d,6,1
1782212260,tc-26-6-1-1-8,msc-test-stub-5b875d749d-nv4dq,1,16
1782212260,tc-26-6-1-1-8,osmo-bsc-594654bd47-589jj,1,5
1782212260,tc-26-6-1-1-8,osmo-bts-virtual-5f8b9b86fc-w94p4,20,5
1782212260,tc-26-6-1-1-8,osmo-hlr-546bdb8988-p2k4t,1,2
1782212260,tc-26-6-1-1-8,osmo-mgw-8c8fc67d6-hxq6f,1,2
1782212260,tc-26-6-1-1-8,osmo-mobile-66cdb6fdb-5v8kp,3,36
1782212260,tc-26-6-1-1-8,osmo-stp-768687f494-brbsd,1,2
1782212260,tc-26-6-1-1-8,ttcn3-tc-26-6-1-1-1-zhmxx,1,6
1782212260,tc-26-6-1-1-8,virtphy-8b8694c65-sm67d,6,1
1782212263,tc-26-6-1-1-8,msc-test-stub-5b875d749d-nv4dq,1,16
1782212263,tc-26-6-1-1-8,osmo-bsc-594654bd47-589jj,1,5
1782212263,tc-26-6-1-1-8,osmo-bts-virtual-5f8b9b86fc-w94p4,22,5
1782212263,tc-26-6-1-1-8,osmo-hlr-546bdb8988-p2k4t,1,2
1782212263,tc-26-6-1-1-8,osmo-mgw-8c8fc67d6-hxq6f,1,2
1782212263,tc-26-6-1-1-8,osmo-mobile-66cdb6fdb-5v8kp,3,36
1782212263,tc-26-6-1-1-8,osmo-stp-768687f494-brbsd,1,2
1782212263,tc-26-6-1-1-8,ttcn3-tc-26-6-1-1-1-zhmxx,1,6
1782212263,tc-26-6-1-1-8,virtphy-8b8694c65-sm67d,6,1
1782212265,tc-26-6-1-1-8,msc-test-stub-5b875d749d-nv4dq,1,16
1782212265,tc-26-6-1-1-8,osmo-bsc-594654bd47-589jj,1,5
1782212265,tc-26-6-1-1-8,osmo-bts-virtual-5f8b9b86fc-w94p4,22,5
1782212265,tc-26-6-1-1-8,osmo-hlr-546bdb8988-p2k4t,1,2
1782212265,tc-26-6-1-1-8,osmo-mgw-8c8fc67d6-hxq6f,1,2
1782212265,tc-26-6-1-1-8,osmo-mobile-66cdb6fdb-5v8kp,3,36
1782212265,tc-26-6-1-1-8,osmo-stp-768687f494-brbsd,1,2
1782212265,tc-26-6-1-1-8,ttcn3-tc-26-6-1-1-1-zhmxx,1,6
1782212265,tc-26-6-1-1-8,virtphy-8b8694c65-sm67d,6,1
1782212267,tc-26-6-1-1-8,msc-test-stub-5b875d749d-nv4dq,1,16
1782212267,tc-26-6-1-1-8,osmo-bsc-594654bd47-589jj,1,5
1782212267,tc-26-6-1-1-8,osmo-bts-virtual-5f8b9b86fc-w94p4,22,5
1782212267,tc-26-6-1-1-8,osmo-hlr-546bdb8988-p2k4t,1,2
1782212267,tc-26-6-1-1-8,osmo-mgw-8c8fc67d6-hxq6f,1,2
1782212267,tc-26-6-1-1-8,osmo-mobile-66cdb6fdb-5v8kp,3,36
1782212267,tc-26-6-1-1-8,osmo-stp-768687f494-brbsd,1,2
1782212267,tc-26-6-1-1-8,ttcn3-tc-26-6-1-1-1-zhmxx,1,6
1782212267,tc-26-6-1-1-8,virtphy-8b8694c65-sm67d,6,1
1782212269,tc-26-6-1-1-8,msc-test-stub-5b875d749d-nv4dq,1,16
1782212269,tc-26-6-1-1-8,osmo-bsc-594654bd47-589jj,1,5
1782212269,tc-26-6-1-1-8,osmo-bts-virtual-5f8b9b86fc-w94p4,22,5
1782212269,tc-26-6-1-1-8,osmo-hlr-546bdb8988-p2k4t,1,2
1782212269,tc-26-6-1-1-8,osmo-mgw-8c8fc67d6-hxq6f,1,2
1782212269,tc-26-6-1-1-8,osmo-mobile-66cdb6fdb-5v8kp,3,36
1782212269,tc-26-6-1-1-8,osmo-stp-768687f494-brbsd,1,2
1782212269,tc-26-6-1-1-8,ttcn3-tc-26-6-1-1-1-zhmxx,1,6
1782212269,tc-26-6-1-1-8,virtphy-8b8694c65-sm67d,6,1
1782212271,tc-26-6-1-1-8,msc-test-stub-5b875d749d-nv4dq,1,16
1782212271,tc-26-6-1-1-8,osmo-bsc-594654bd47-589jj,1,5
1782212271,tc-26-6-1-1-8,osmo-bts-virtual-5f8b9b86fc-w94p4,22,5
1782212271,tc-26-6-1-1-8,osmo-hlr-546bdb8988-p2k4t,1,2
1782212271,tc-26-6-1-1-8,osmo-mgw-8c8fc67d6-hxq6f,1,2
1782212271,tc-26-6-1-1-8,osmo-mobile-66cdb6fdb-5v8kp,3,36
1782212271,tc-26-6-1-1-8,osmo-stp-768687f494-brbsd,1,2
1782212271,tc-26-6-1-1-8,ttcn3-tc-26-6-1-1-1-zhmxx,1,6
1782212271,tc-26-6-1-1-8,virtphy-8b8694c65-sm67d,6,1
1782212274,tc-26-6-1-1-8,msc-test-stub-5b875d749d-nv4dq,1,16
1782212274,tc-26-6-1-1-8,osmo-bsc-594654bd47-589jj,1,5
1782212274,tc-26-6-1-1-8,osmo-bts-virtual-5f8b9b86fc-w94p4,22,5
1782212274,tc-26-6-1-1-8,osmo-hlr-546bdb8988-p2k4t,1,2
1782212274,tc-26-6-1-1-8,osmo-mgw-8c8fc67d6-hxq6f,1,2
1782212274,tc-26-6-1-1-8,osmo-mobile-66cdb6fdb-5v8kp,3,36
1782212274,tc-26-6-1-1-8,osmo-stp-768687f494-brbsd,1,2
1782212274,tc-26-6-1-1-8,ttcn3-tc-26-6-1-1-1-zhmxx,1,6
1782212274,tc-26-6-1-1-8,virtphy-8b8694c65-sm67d,6,1
1782212276,tc-26-6-1-1-8,msc-test-stub-5b875d749d-nv4dq,1,16
1782212276,tc-26-6-1-1-8,osmo-bsc-594654bd47-589jj,1,5
1782212276,tc-26-6-1-1-8,osmo-bts-virtual-5f8b9b86fc-w94p4,22,5
1782212276,tc-26-6-1-1-8,osmo-hlr-546bdb8988-p2k4t,1,2
1782212276,tc-26-6-1-1-8,osmo-mgw-8c8fc67d6-hxq6f,1,2
1782212276,tc-26-6-1-1-8,osmo-mobile-66cdb6fdb-5v8kp,3,36
1782212276,tc-26-6-1-1-8,osmo-stp-768687f494-brbsd,1,2
1782212276,tc-26-6-1-1-8,ttcn3-tc-26-6-1-1-1-zhmxx,1,6
1782212276,tc-26-6-1-1-8,virtphy-8b8694c65-sm67d,6,1
1782212278,tc-26-6-1-1-8,msc-test-stub-5b875d749d-nv4dq,1,16
1782212278,tc-26-6-1-1-8,osmo-bsc-594654bd47-589jj,1,5
1782212278,tc-26-6-1-1-8,osmo-bts-virtual-5f8b9b86fc-w94p4,21,5
1782212278,tc-26-6-1-1-8,osmo-hlr-546bdb8988-p2k4t,1,2
1782212278,tc-26-6-1-1-8,osmo-mgw-8c8fc67d6-hxq6f,1,2
1782212278,tc-26-6-1-1-8,osmo-mobile-66cdb6fdb-5v8kp,3,36
1782212278,tc-26-6-1-1-8,osmo-stp-768687f494-brbsd,1,2
1782212278,tc-26-6-1-1-8,ttcn3-tc-26-6-1-1-1-zhmxx,1,6
1782212278,tc-26-6-1-1-8,virtphy-8b8694c65-sm67d,6,1
1782212280,tc-26-6-1-1-8,msc-test-stub-5b875d749d-nv4dq,1,16
1782212280,tc-26-6-1-1-8,osmo-bsc-594654bd47-589jj,1,5
1782212280,tc-26-6-1-1-8,osmo-bts-virtual-5f8b9b86fc-w94p4,21,5
1782212280,tc-26-6-1-1-8,osmo-hlr-546bdb8988-p2k4t,1,2
1782212280,tc-26-6-1-1-8,osmo-mgw-8c8fc67d6-hxq6f,1,2
1782212280,tc-26-6-1-1-8,osmo-mobile-66cdb6fdb-5v8kp,3,36
1782212280,tc-26-6-1-1-8,osmo-stp-768687f494-brbsd,1,2
1782212280,tc-26-6-1-1-8,ttcn3-tc-26-6-1-1-1-zhmxx,1,6
1782212280,tc-26-6-1-1-8,virtphy-8b8694c65-sm67d,6,1
1782212282,tc-26-6-1-1-8,msc-test-stub-5b875d749d-nv4dq,1,16
1782212282,tc-26-6-1-1-8,osmo-bsc-594654bd47-589jj,1,5
1782212282,tc-26-6-1-1-8,osmo-bts-virtual-5f8b9b86fc-w94p4,21,5
1782212282,tc-26-6-1-1-8,osmo-hlr-546bdb8988-p2k4t,1,2
1782212282,tc-26-6-1-1-8,osmo-mgw-8c8fc67d6-hxq6f,1,2
1782212282,tc-26-6-1-1-8,osmo-mobile-66cdb6fdb-5v8kp,3,36
1782212282,tc-26-6-1-1-8,osmo-stp-768687f494-brbsd,1,2
1782212282,tc-26-6-1-1-8,ttcn3-tc-26-6-1-1-1-zhmxx,1,6
1782212282,tc-26-6-1-1-8,virtphy-8b8694c65-sm67d,6,1
1782212284,tc-26-6-1-1-8,msc-test-stub-5b875d749d-nv4dq,1,16
1782212284,tc-26-6-1-1-8,osmo-bsc-594654bd47-589jj,1,5
1782212284,tc-26-6-1-1-8,osmo-bts-virtual-5f8b9b86fc-w94p4,21,5
1782212284,tc-26-6-1-1-8,osmo-hlr-546bdb8988-p2k4t,1,2
1782212284,tc-26-6-1-1-8,osmo-mgw-8c8fc67d6-hxq6f,1,2
1782212284,tc-26-6-1-1-8,osmo-mobile-66cdb6fdb-5v8kp,3,36
1782212284,tc-26-6-1-1-8,osmo-stp-768687f494-brbsd,1,2
1782212284,tc-26-6-1-1-8,ttcn3-tc-26-6-1-1-1-zhmxx,1,6
1782212284,tc-26-6-1-1-8,virtphy-8b8694c65-sm67d,6,1
1782212286,tc-26-6-1-1-8,msc-test-stub-5b875d749d-nv4dq,1,16
1782212286,tc-26-6-1-1-8,osmo-bsc-594654bd47-589jj,1,5
1782212286,tc-26-6-1-1-8,osmo-bts-virtual-5f8b9b86fc-w94p4,21,5
1782212286,tc-26-6-1-1-8,osmo-hlr-546bdb8988-p2k4t,1,2
1782212286,tc-26-6-1-1-8,osmo-mgw-8c8fc67d6-hxq6f,1,2
1782212286,tc-26-6-1-1-8,osmo-mobile-66cdb6fdb-5v8kp,3,36
1782212286,tc-26-6-1-1-8,osmo-stp-768687f494-brbsd,1,2
1782212286,tc-26-6-1-1-8,ttcn3-tc-26-6-1-1-1-zhmxx,1,6
1782212286,tc-26-6-1-1-8,virtphy-8b8694c65-sm67d,6,1
1782212288,tc-26-6-1-1-8,msc-test-stub-5b875d749d-nv4dq,1,16
1782212288,tc-26-6-1-1-8,osmo-bsc-594654bd47-589jj,1,5
1782212288,tc-26-6-1-1-8,osmo-bts-virtual-5f8b9b86fc-w94p4,21,5
1782212288,tc-26-6-1-1-8,osmo-hlr-546bdb8988-p2k4t,1,2
1782212288,tc-26-6-1-1-8,osmo-mgw-8c8fc67d6-hxq6f,1,2
1782212288,tc-26-6-1-1-8,osmo-mobile-66cdb6fdb-5v8kp,3,36
1782212288,tc-26-6-1-1-8,osmo-stp-768687f494-brbsd,1,2
1782212288,tc-26-6-1-1-8,ttcn3-tc-26-6-1-1-1-zhmxx,1,6
1782212288,tc-26-6-1-1-8,virtphy-8b8694c65-sm67d,6,1
1782212290,tc-26-6-1-1-8,msc-test-stub-5b875d749d-nv4dq,1,16
1782212290,tc-26-6-1-1-8,osmo-bsc-594654bd47-589jj,1,5
1782212290,tc-26-6-1-1-8,osmo-bts-virtual-5f8b9b86fc-w94p4,21,5
1782212290,tc-26-6-1-1-8,osmo-hlr-546bdb8988-p2k4t,1,2
1782212290,tc-26-6-1-1-8,osmo-mgw-8c8fc67d6-hxq6f,1,2
1782212290,tc-26-6-1-1-8,osmo-mobile-66cdb6fdb-5v8kp,3,36
1782212290,tc-26-6-1-1-8,osmo-stp-768687f494-brbsd,1,2
1782212290,tc-26-6-1-1-8,ttcn3-tc-26-6-1-1-1-zhmxx,1,6
1782212290,tc-26-6-1-1-8,virtphy-8b8694c65-sm67d,6,1
1782212293,tc-26-6-1-1-8,msc-test-stub-5b875d749d-nv4dq,1,16
1782212293,tc-26-6-1-1-8,osmo-bsc-594654bd47-589jj,1,5
1782212293,tc-26-6-1-1-8,osmo-bts-virtual-5f8b9b86fc-w94p4,19,5
1782212293,tc-26-6-1-1-8,osmo-hlr-546bdb8988-p2k4t,1,2
1782212293,tc-26-6-1-1-8,osmo-mgw-8c8fc67d6-hxq6f,1,2
1782212293,tc-26-6-1-1-8,osmo-mobile-66cdb6fdb-5v8kp,2,36
1782212293,tc-26-6-1-1-8,osmo-stp-768687f494-brbsd,1,2
1782212293,tc-26-6-1-1-8,ttcn3-tc-26-6-1-1-1-zhmxx,1,6
1782212293,tc-26-6-1-1-8,virtphy-8b8694c65-sm67d,6,1
1782212295,tc-26-6-1-1-8,msc-test-stub-5b875d749d-nv4dq,1,16
1782212295,tc-26-6-1-1-8,osmo-bsc-594654bd47-589jj,1,5
1782212295,tc-26-6-1-1-8,osmo-bts-virtual-5f8b9b86fc-w94p4,19,5
1782212295,tc-26-6-1-1-8,osmo-hlr-546bdb8988-p2k4t,1,2
1782212295,tc-26-6-1-1-8,osmo-mgw-8c8fc67d6-hxq6f,1,2
1782212295,tc-26-6-1-1-8,osmo-mobile-66cdb6fdb-5v8kp,2,36
1782212295,tc-26-6-1-1-8,osmo-stp-768687f494-brbsd,1,2
1782212295,tc-26-6-1-1-8,ttcn3-tc-26-6-1-1-1-zhmxx,1,6
1782212295,tc-26-6-1-1-8,virtphy-8b8694c65-sm67d,6,1
1782212297,tc-26-6-1-1-8,msc-test-stub-5b875d749d-nv4dq,1,16
1782212297,tc-26-6-1-1-8,osmo-bsc-594654bd47-589jj,1,5
1782212297,tc-26-6-1-1-8,osmo-bts-virtual-5f8b9b86fc-w94p4,19,5
1782212297,tc-26-6-1-1-8,osmo-hlr-546bdb8988-p2k4t,1,2
1782212297,tc-26-6-1-1-8,osmo-mgw-8c8fc67d6-hxq6f,1,2
1782212297,tc-26-6-1-1-8,osmo-mobile-66cdb6fdb-5v8kp,2,36
1782212297,tc-26-6-1-1-8,osmo-stp-768687f494-brbsd,1,2
1782212297,tc-26-6-1-1-8,ttcn3-tc-26-6-1-1-1-zhmxx,1,6
1782212297,tc-26-6-1-1-8,virtphy-8b8694c65-sm67d,6,1
1782212299,tc-26-6-1-1-8,msc-test-stub-5b875d749d-nv4dq,1,16
1782212299,tc-26-6-1-1-8,osmo-bsc-594654bd47-589jj,1,5
1782212299,tc-26-6-1-1-8,osmo-bts-virtual-5f8b9b86fc-w94p4,19,5
1782212299,tc-26-6-1-1-8,osmo-hlr-546bdb8988-p2k4t,1,2
1782212299,tc-26-6-1-1-8,osmo-mgw-8c8fc67d6-hxq6f,1,2
1782212299,tc-26-6-1-1-8,osmo-mobile-66cdb6fdb-5v8kp,2,36
1782212299,tc-26-6-1-1-8,osmo-stp-768687f494-brbsd,1,2
1782212299,tc-26-6-1-1-8,ttcn3-tc-26-6-1-1-1-zhmxx,1,6
1782212299,tc-26-6-1-1-8,virtphy-8b8694c65-sm67d,6,1
1782212302,tc-26-6-1-1-8,msc-test-stub-5b875d749d-nv4dq,1,16
1782212302,tc-26-6-1-1-8,osmo-bsc-594654bd47-589jj,1,5
1782212302,tc-26-6-1-1-8,osmo-bts-virtual-5f8b9b86fc-w94p4,19,5
1782212302,tc-26-6-1-1-8,osmo-hlr-546bdb8988-p2k4t,1,2
1782212302,tc-26-6-1-1-8,osmo-mgw-8c8fc67d6-hxq6f,1,2
1782212302,tc-26-6-1-1-8,osmo-mobile-66cdb6fdb-5v8kp,2,36
1782212302,tc-26-6-1-1-8,osmo-stp-768687f494-brbsd,1,2
1782212302,tc-26-6-1-1-8,ttcn3-tc-26-6-1-1-1-zhmxx,1,6
1782212302,tc-26-6-1-1-8,virtphy-8b8694c65-sm67d,6,1
1782212304,tc-26-6-1-1-8,msc-test-stub-5b875d749d-nv4dq,1,16
1782212304,tc-26-6-1-1-8,osmo-bsc-594654bd47-589jj,1,5
1782212304,tc-26-6-1-1-8,osmo-bts-virtual-5f8b9b86fc-w94p4,19,5
1782212304,tc-26-6-1-1-8,osmo-hlr-546bdb8988-p2k4t,1,2
1782212304,tc-26-6-1-1-8,osmo-mgw-8c8fc67d6-hxq6f,1,2
1782212304,tc-26-6-1-1-8,osmo-mobile-66cdb6fdb-5v8kp,2,36
1782212304,tc-26-6-1-1-8,osmo-stp-768687f494-brbsd,1,2
1782212304,tc-26-6-1-1-8,ttcn3-tc-26-6-1-1-1-zhmxx,1,6
1782212304,tc-26-6-1-1-8,virtphy-8b8694c65-sm67d,6,1
1782212306,tc-26-6-1-1-8,msc-test-stub-5b875d749d-nv4dq,1,16
1782212306,tc-26-6-1-1-8,osmo-bsc-594654bd47-589jj,1,5
1782212306,tc-26-6-1-1-8,osmo-bts-virtual-5f8b9b86fc-w94p4,19,5
1782212306,tc-26-6-1-1-8,osmo-hlr-546bdb8988-p2k4t,1,2
1782212306,tc-26-6-1-1-8,osmo-mgw-8c8fc67d6-hxq6f,1,2
1782212306,tc-26-6-1-1-8,osmo-mobile-66cdb6fdb-5v8kp,2,36
1782212306,tc-26-6-1-1-8,osmo-stp-768687f494-brbsd,1,2
1782212306,tc-26-6-1-1-8,ttcn3-tc-26-6-1-1-1-zhmxx,1,6
1782212306,tc-26-6-1-1-8,virtphy-8b8694c65-sm67d,6,1
1782212308,tc-26-6-1-1-8,msc-test-stub-5b875d749d-nv4dq,1,16
1782212308,tc-26-6-1-1-8,osmo-bsc-594654bd47-589jj,1,5
1782212308,tc-26-6-1-1-8,osmo-bts-virtual-5f8b9b86fc-w94p4,21,5
1782212308,tc-26-6-1-1-8,osmo-hlr-546bdb8988-p2k4t,1,2
1782212308,tc-26-6-1-1-8,osmo-mgw-8c8fc67d6-hxq6f,1,2
1782212308,tc-26-6-1-1-8,osmo-mobile-66cdb6fdb-5v8kp,3,36
1782212308,tc-26-6-1-1-8,osmo-stp-768687f494-brbsd,1,2
1782212308,tc-26-6-1-1-8,ttcn3-tc-26-6-1-1-1-zhmxx,1,6
1782212308,tc-26-6-1-1-8,virtphy-8b8694c65-sm67d,6,1
1782212310,tc-26-6-1-1-8,msc-test-stub-5b875d749d-nv4dq,1,16
1782212310,tc-26-6-1-1-8,osmo-bsc-594654bd47-589jj,1,5
1782212310,tc-26-6-1-1-8,osmo-bts-virtual-5f8b9b86fc-w94p4,21,5
1782212310,tc-26-6-1-1-8,osmo-hlr-546bdb8988-p2k4t,1,2
1782212310,tc-26-6-1-1-8,osmo-mgw-8c8fc67d6-hxq6f,1,2
1782212310,tc-26-6-1-1-8,osmo-mobile-66cdb6fdb-5v8kp,3,36
1782212310,tc-26-6-1-1-8,osmo-stp-768687f494-brbsd,1,2
1782212310,tc-26-6-1-1-8,ttcn3-tc-26-6-1-1-1-zhmxx,1,6
1782212310,tc-26-6-1-1-8,virtphy-8b8694c65-sm67d,6,1
1782212313,tc-26-6-1-1-8,msc-test-stub-5b875d749d-nv4dq,1,16
1782212313,tc-26-6-1-1-8,osmo-bsc-594654bd47-589jj,1,5
1782212313,tc-26-6-1-1-8,osmo-bts-virtual-5f8b9b86fc-w94p4,21,5
1782212313,tc-26-6-1-1-8,osmo-hlr-546bdb8988-p2k4t,1,2
1782212313,tc-26-6-1-1-8,osmo-mgw-8c8fc67d6-hxq6f,1,2
1782212313,tc-26-6-1-1-8,osmo-mobile-66cdb6fdb-5v8kp,3,36
1782212313,tc-26-6-1-1-8,osmo-stp-768687f494-brbsd,1,2
1782212313,tc-26-6-1-1-8,ttcn3-tc-26-6-1-1-1-zhmxx,1,6
1782212313,tc-26-6-1-1-8,virtphy-8b8694c65-sm67d,6,1
1782212315,tc-26-6-1-1-8,msc-test-stub-5b875d749d-nv4dq,1,16
1782212315,tc-26-6-1-1-8,osmo-bsc-594654bd47-589jj,1,5
1782212315,tc-26-6-1-1-8,osmo-bts-virtual-5f8b9b86fc-w94p4,21,5
1782212315,tc-26-6-1-1-8,osmo-hlr-546bdb8988-p2k4t,1,2
1782212315,tc-26-6-1-1-8,osmo-mgw-8c8fc67d6-hxq6f,1,2
1782212315,tc-26-6-1-1-8,osmo-mobile-66cdb6fdb-5v8kp,3,36
1782212315,tc-26-6-1-1-8,osmo-stp-768687f494-brbsd,1,2
1782212315,tc-26-6-1-1-8,ttcn3-tc-26-6-1-1-1-zhmxx,1,6
1782212315,tc-26-6-1-1-8,virtphy-8b8694c65-sm67d,6,1
1782212317,tc-26-6-1-1-8,msc-test-stub-5b875d749d-nv4dq,1,16
1782212317,tc-26-6-1-1-8,osmo-bsc-594654bd47-589jj,1,5
1782212317,tc-26-6-1-1-8,osmo-bts-virtual-5f8b9b86fc-w94p4,21,5
1782212317,tc-26-6-1-1-8,osmo-hlr-546bdb8988-p2k4t,1,2
1782212317,tc-26-6-1-1-8,osmo-mgw-8c8fc67d6-hxq6f,1,2
1782212317,tc-26-6-1-1-8,osmo-mobile-66cdb6fdb-5v8kp,3,36
1782212317,tc-26-6-1-1-8,osmo-stp-768687f494-brbsd,1,2
1782212317,tc-26-6-1-1-8,ttcn3-tc-26-6-1-1-1-zhmxx,1,6
1782212317,tc-26-6-1-1-8,virtphy-8b8694c65-sm67d,6,1
1782212320,tc-26-6-1-1-8,msc-test-stub-5b875d749d-nv4dq,1,16
1782212320,tc-26-6-1-1-8,osmo-bsc-594654bd47-589jj,1,5
1782212320,tc-26-6-1-1-8,osmo-bts-virtual-5f8b9b86fc-w94p4,21,5
1782212320,tc-26-6-1-1-8,osmo-hlr-546bdb8988-p2k4t,1,2
1782212320,tc-26-6-1-1-8,osmo-mgw-8c8fc67d6-hxq6f,1,2
1782212320,tc-26-6-1-1-8,osmo-mobile-66cdb6fdb-5v8kp,3,36
1782212320,tc-26-6-1-1-8,osmo-stp-768687f494-brbsd,1,2
1782212320,tc-26-6-1-1-8,ttcn3-tc-26-6-1-1-1-zhmxx,1,6
1782212320,tc-26-6-1-1-8,virtphy-8b8694c65-sm67d,6,1
1782212323,tc-26-6-1-1-8,msc-test-stub-5b875d749d-nv4dq,1,16
1782212323,tc-26-6-1-1-8,osmo-bsc-594654bd47-589jj,1,5
1782212323,tc-26-6-1-1-8,osmo-bts-virtual-5f8b9b86fc-w94p4,23,5
1782212323,tc-26-6-1-1-8,osmo-hlr-546bdb8988-p2k4t,1,2
1782212323,tc-26-6-1-1-8,osmo-mgw-8c8fc67d6-hxq6f,1,2
1782212323,tc-26-6-1-1-8,osmo-mobile-66cdb6fdb-5v8kp,3,36
1782212323,tc-26-6-1-1-8,osmo-stp-768687f494-brbsd,1,2
1782212323,tc-26-6-1-1-8,ttcn3-tc-26-6-1-1-1-zhmxx,1,6
1782212323,tc-26-6-1-1-8,virtphy-8b8694c65-sm67d,6,1
1782212325,tc-26-6-1-1-8,msc-test-stub-5b875d749d-nv4dq,1,16
1782212325,tc-26-6-1-1-8,osmo-bsc-594654bd47-589jj,1,5
1782212325,tc-26-6-1-1-8,osmo-bts-virtual-5f8b9b86fc-w94p4,23,5
1782212325,tc-26-6-1-1-8,osmo-hlr-546bdb8988-p2k4t,1,2
1782212325,tc-26-6-1-1-8,osmo-mgw-8c8fc67d6-hxq6f,1,2
1782212325,tc-26-6-1-1-8,osmo-mobile-66cdb6fdb-5v8kp,3,36
1782212325,tc-26-6-1-1-8,osmo-stp-768687f494-brbsd,1,2
1782212325,tc-26-6-1-1-8,ttcn3-tc-26-6-1-1-1-zhmxx,1,6
1782212325,tc-26-6-1-1-8,virtphy-8b8694c65-sm67d,6,1
1782212327,tc-26-6-1-1-8,msc-test-stub-5b875d749d-nv4dq,1,16
1782212327,tc-26-6-1-1-8,osmo-bsc-594654bd47-589jj,1,5
1782212327,tc-26-6-1-1-8,osmo-bts-virtual-5f8b9b86fc-w94p4,23,5
1782212327,tc-26-6-1-1-8,osmo-hlr-546bdb8988-p2k4t,1,2
1782212327,tc-26-6-1-1-8,osmo-mgw-8c8fc67d6-hxq6f,1,2
1782212327,tc-26-6-1-1-8,osmo-mobile-66cdb6fdb-5v8kp,3,36
1782212327,tc-26-6-1-1-8,osmo-stp-768687f494-brbsd,1,2
1782212327,tc-26-6-1-1-8,ttcn3-tc-26-6-1-1-1-zhmxx,1,6
1782212327,tc-26-6-1-1-8,virtphy-8b8694c65-sm67d,6,1
1782212329,tc-26-6-1-1-8,msc-test-stub-5b875d749d-nv4dq,1,16
1782212329,tc-26-6-1-1-8,osmo-bsc-594654bd47-589jj,1,5
1782212329,tc-26-6-1-1-8,osmo-bts-virtual-5f8b9b86fc-w94p4,23,5
1782212329,tc-26-6-1-1-8,osmo-hlr-546bdb8988-p2k4t,1,2
1782212329,tc-26-6-1-1-8,osmo-mgw-8c8fc67d6-hxq6f,1,2
1782212329,tc-26-6-1-1-8,osmo-mobile-66cdb6fdb-5v8kp,3,36
1782212329,tc-26-6-1-1-8,osmo-stp-768687f494-brbsd,1,2
1782212329,tc-26-6-1-1-8,ttcn3-tc-26-6-1-1-1-zhmxx,1,6
1782212329,tc-26-6-1-1-8,virtphy-8b8694c65-sm67d,6,1
1782212332,tc-26-6-1-1-8,msc-test-stub-5b875d749d-nv4dq,1,16
1782212332,tc-26-6-1-1-8,osmo-bsc-594654bd47-589jj,1,5
1782212332,tc-26-6-1-1-8,osmo-bts-virtual-5f8b9b86fc-w94p4,23,5
1782212332,tc-26-6-1-1-8,osmo-hlr-546bdb8988-p2k4t,1,2
1782212332,tc-26-6-1-1-8,osmo-mgw-8c8fc67d6-hxq6f,1,2
1782212332,tc-26-6-1-1-8,osmo-mobile-66cdb6fdb-5v8kp,3,36
1782212332,tc-26-6-1-1-8,osmo-stp-768687f494-brbsd,1,2
1782212332,tc-26-6-1-1-8,ttcn3-tc-26-6-1-1-1-zhmxx,1,6
1782212332,tc-26-6-1-1-8,virtphy-8b8694c65-sm67d,6,1
1782212334,tc-26-6-1-1-8,msc-test-stub-5b875d749d-nv4dq,1,16
1782212334,tc-26-6-1-1-8,osmo-bsc-594654bd47-589jj,1,5
1782212334,tc-26-6-1-1-8,osmo-bts-virtual-5f8b9b86fc-w94p4,23,5
1782212334,tc-26-6-1-1-8,osmo-hlr-546bdb8988-p2k4t,1,2
1782212334,tc-26-6-1-1-8,osmo-mgw-8c8fc67d6-hxq6f,1,2
1782212334,tc-26-6-1-1-8,osmo-mobile-66cdb6fdb-5v8kp,3,36
1782212334,tc-26-6-1-1-8,osmo-stp-768687f494-brbsd,1,2
1782212334,tc-26-6-1-1-8,ttcn3-tc-26-6-1-1-1-zhmxx,1,6
1782212334,tc-26-6-1-1-8,virtphy-8b8694c65-sm67d,6,1
1782212336,tc-26-6-1-1-8,msc-test-stub-5b875d749d-nv4dq,1,16
1782212336,tc-26-6-1-1-8,osmo-bsc-594654bd47-589jj,1,5
1782212336,tc-26-6-1-1-8,osmo-bts-virtual-5f8b9b86fc-w94p4,23,5
1782212336,tc-26-6-1-1-8,osmo-hlr-546bdb8988-p2k4t,1,2
1782212336,tc-26-6-1-1-8,osmo-mgw-8c8fc67d6-hxq6f,1,2
1782212336,tc-26-6-1-1-8,osmo-mobile-66cdb6fdb-5v8kp,3,36
1782212336,tc-26-6-1-1-8,osmo-stp-768687f494-brbsd,1,2
1782212336,tc-26-6-1-1-8,ttcn3-tc-26-6-1-1-1-zhmxx,1,6
1782212336,tc-26-6-1-1-8,virtphy-8b8694c65-sm67d,6,1
1782212338,tc-26-6-1-1-8,msc-test-stub-5b875d749d-nv4dq,1,16
1782212338,tc-26-6-1-1-8,osmo-bsc-594654bd47-589jj,1,5
1782212338,tc-26-6-1-1-8,osmo-bts-virtual-5f8b9b86fc-w94p4,20,5
1782212338,tc-26-6-1-1-8,osmo-hlr-546bdb8988-p2k4t,1,2
1782212338,tc-26-6-1-1-8,osmo-mgw-8c8fc67d6-hxq6f,1,2
1782212338,tc-26-6-1-1-8,osmo-mobile-66cdb6fdb-5v8kp,3,36
1782212338,tc-26-6-1-1-8,osmo-stp-768687f494-brbsd,1,2
1782212338,tc-26-6-1-1-8,ttcn3-tc-26-6-1-1-1-zhmxx,1,6
1782212338,tc-26-6-1-1-8,virtphy-8b8694c65-sm67d,6,1
1782212341,tc-26-6-1-1-8,msc-test-stub-5b875d749d-nv4dq,1,16
1782212341,tc-26-6-1-1-8,osmo-bsc-594654bd47-589jj,1,5
1782212341,tc-26-6-1-1-8,osmo-bts-virtual-5f8b9b86fc-w94p4,20,5
1782212341,tc-26-6-1-1-8,osmo-hlr-546bdb8988-p2k4t,1,2
1782212341,tc-26-6-1-1-8,osmo-mgw-8c8fc67d6-hxq6f,1,2
1782212341,tc-26-6-1-1-8,osmo-mobile-66cdb6fdb-5v8kp,3,36
1782212341,tc-26-6-1-1-8,osmo-stp-768687f494-brbsd,1,2
1782212341,tc-26-6-1-1-8,ttcn3-tc-26-6-1-1-1-zhmxx,1,6
1782212341,tc-26-6-1-1-8,virtphy-8b8694c65-sm67d,6,1
1782212343,tc-26-6-1-1-8,msc-test-stub-5b875d749d-nv4dq,1,16
1782212343,tc-26-6-1-1-8,osmo-bsc-594654bd47-589jj,1,5
1782212343,tc-26-6-1-1-8,osmo-bts-virtual-5f8b9b86fc-w94p4,20,5
1782212343,tc-26-6-1-1-8,osmo-hlr-546bdb8988-p2k4t,1,2
1782212343,tc-26-6-1-1-8,osmo-mgw-8c8fc67d6-hxq6f,1,2
1782212343,tc-26-6-1-1-8,osmo-mobile-66cdb6fdb-5v8kp,3,36
1782212343,tc-26-6-1-1-8,osmo-stp-768687f494-brbsd,1,2
1782212343,tc-26-6-1-1-8,ttcn3-tc-26-6-1-1-1-zhmxx,1,6
1782212343,tc-26-6-1-1-8,virtphy-8b8694c65-sm67d,6,1
1782212345,tc-26-6-1-1-8,msc-test-stub-5b875d749d-nv4dq,1,16
1782212345,tc-26-6-1-1-8,osmo-bsc-594654bd47-589jj,1,5
1782212345,tc-26-6-1-1-8,osmo-bts-virtual-5f8b9b86fc-w94p4,20,5
1782212345,tc-26-6-1-1-8,osmo-hlr-546bdb8988-p2k4t,1,2
1782212345,tc-26-6-1-1-8,osmo-mgw-8c8fc67d6-hxq6f,1,2
1782212345,tc-26-6-1-1-8,osmo-mobile-66cdb6fdb-5v8kp,3,36
1782212345,tc-26-6-1-1-8,osmo-stp-768687f494-brbsd,1,2
1782212345,tc-26-6-1-1-8,ttcn3-tc-26-6-1-1-1-zhmxx,1,6
1782212345,tc-26-6-1-1-8,virtphy-8b8694c65-sm67d,6,1
1782212348,tc-26-6-1-1-8,msc-test-stub-5b875d749d-nv4dq,1,16
1782212348,tc-26-6-1-1-8,osmo-bsc-594654bd47-589jj,1,5
1782212348,tc-26-6-1-1-8,osmo-bts-virtual-5f8b9b86fc-w94p4,20,5
1782212348,tc-26-6-1-1-8,osmo-hlr-546bdb8988-p2k4t,1,2
1782212348,tc-26-6-1-1-8,osmo-mgw-8c8fc67d6-hxq6f,1,2
1782212348,tc-26-6-1-1-8,osmo-mobile-66cdb6fdb-5v8kp,3,36
1782212348,tc-26-6-1-1-8,osmo-stp-768687f494-brbsd,1,2
1782212348,tc-26-6-1-1-8,ttcn3-tc-26-6-1-1-1-zhmxx,1,6
1782212348,tc-26-6-1-1-8,virtphy-8b8694c65-sm67d,6,1
1782212350,tc-26-6-1-1-8,msc-test-stub-5b875d749d-nv4dq,1,16
1782212350,tc-26-6-1-1-8,osmo-bsc-594654bd47-589jj,1,5
1782212350,tc-26-6-1-1-8,osmo-bts-virtual-5f8b9b86fc-w94p4,20,5
1782212350,tc-26-6-1-1-8,osmo-hlr-546bdb8988-p2k4t,1,2
1782212350,tc-26-6-1-1-8,osmo-mgw-8c8fc67d6-hxq6f,1,2
1782212350,tc-26-6-1-1-8,osmo-mobile-66cdb6fdb-5v8kp,3,36
1782212350,tc-26-6-1-1-8,osmo-stp-768687f494-brbsd,1,2
1782212350,tc-26-6-1-1-8,ttcn3-tc-26-6-1-1-1-zhmxx,1,6
1782212350,tc-26-6-1-1-8,virtphy-8b8694c65-sm67d,6,1
1782212352,tc-26-6-1-1-8,msc-test-stub-5b875d749d-nv4dq,1,16
1782212352,tc-26-6-1-1-8,osmo-bsc-594654bd47-589jj,1,5
1782212352,tc-26-6-1-1-8,osmo-bts-virtual-5f8b9b86fc-w94p4,20,5
1782212352,tc-26-6-1-1-8,osmo-hlr-546bdb8988-p2k4t,1,2
1782212352,tc-26-6-1-1-8,osmo-mgw-8c8fc67d6-hxq6f,1,2
1782212352,tc-26-6-1-1-8,osmo-mobile-66cdb6fdb-5v8kp,3,36
1782212352,tc-26-6-1-1-8,osmo-stp-768687f494-brbsd,1,2
1782212352,tc-26-6-1-1-8,ttcn3-tc-26-6-1-1-1-zhmxx,1,6
1782212352,tc-26-6-1-1-8,virtphy-8b8694c65-sm67d,6,1
1782212354,tc-26-6-1-1-8,msc-test-stub-5b875d749d-nv4dq,1,16
1782212354,tc-26-6-1-1-8,osmo-bsc-594654bd47-589jj,1,5
1782212354,tc-26-6-1-1-8,osmo-bts-virtual-5f8b9b86fc-w94p4,21,5
1782212354,tc-26-6-1-1-8,osmo-hlr-546bdb8988-p2k4t,1,2
1782212354,tc-26-6-1-1-8,osmo-mgw-8c8fc67d6-hxq6f,1,2
1782212354,tc-26-6-1-1-8,osmo-mobile-66cdb6fdb-5v8kp,3,36
1782212354,tc-26-6-1-1-8,osmo-stp-768687f494-brbsd,1,2
1782212354,tc-26-6-1-1-8,ttcn3-tc-26-6-1-1-1-zhmxx,1,6
1782212354,tc-26-6-1-1-8,virtphy-8b8694c65-sm67d,6,1
1782212356,tc-26-6-1-1-8,msc-test-stub-5b875d749d-nv4dq,1,16
1782212356,tc-26-6-1-1-8,osmo-bsc-594654bd47-589jj,1,5
1782212356,tc-26-6-1-1-8,osmo-bts-virtual-5f8b9b86fc-w94p4,21,5
1782212356,tc-26-6-1-1-8,osmo-hlr-546bdb8988-p2k4t,1,2
1782212356,tc-26-6-1-1-8,osmo-mgw-8c8fc67d6-hxq6f,1,2
1782212356,tc-26-6-1-1-8,osmo-mobile-66cdb6fdb-5v8kp,3,36
1782212356,tc-26-6-1-1-8,osmo-stp-768687f494-brbsd,1,2
1782212356,tc-26-6-1-1-8,ttcn3-tc-26-6-1-1-1-zhmxx,1,6
1782212356,tc-26-6-1-1-8,virtphy-8b8694c65-sm67d,6,1
1782212358,tc-26-6-1-1-8,msc-test-stub-5b875d749d-nv4dq,1,16
1782212358,tc-26-6-1-1-8,osmo-bsc-594654bd47-589jj,1,5
1782212358,tc-26-6-1-1-8,osmo-bts-virtual-5f8b9b86fc-w94p4,21,5
1782212358,tc-26-6-1-1-8,osmo-hlr-546bdb8988-p2k4t,1,2
1782212358,tc-26-6-1-1-8,osmo-mgw-8c8fc67d6-hxq6f,1,2
1782212358,tc-26-6-1-1-8,osmo-mobile-66cdb6fdb-5v8kp,3,36
1782212358,tc-26-6-1-1-8,osmo-stp-768687f494-brbsd,1,2
1782212358,tc-26-6-1-1-8,ttcn3-tc-26-6-1-1-1-zhmxx,1,6
1782212358,tc-26-6-1-1-8,virtphy-8b8694c65-sm67d,6,1
1782212361,tc-26-6-1-1-8,msc-test-stub-5b875d749d-nv4dq,1,16
1782212361,tc-26-6-1-1-8,osmo-bsc-594654bd47-589jj,1,5
1782212361,tc-26-6-1-1-8,osmo-bts-virtual-5f8b9b86fc-w94p4,21,5
1782212361,tc-26-6-1-1-8,osmo-hlr-546bdb8988-p2k4t,1,2
1782212361,tc-26-6-1-1-8,osmo-mgw-8c8fc67d6-hxq6f,1,2
1782212361,tc-26-6-1-1-8,osmo-mobile-66cdb6fdb-5v8kp,3,36
1782212361,tc-26-6-1-1-8,osmo-stp-768687f494-brbsd,1,2
1782212361,tc-26-6-1-1-8,ttcn3-tc-26-6-1-1-1-zhmxx,1,6
1782212361,tc-26-6-1-1-8,virtphy-8b8694c65-sm67d,6,1
1782212363,tc-26-6-1-1-8,msc-test-stub-5b875d749d-nv4dq,1,16
1782212363,tc-26-6-1-1-8,osmo-bsc-594654bd47-589jj,1,5
1782212363,tc-26-6-1-1-8,osmo-bts-virtual-5f8b9b86fc-w94p4,21,5
1782212363,tc-26-6-1-1-8,osmo-hlr-546bdb8988-p2k4t,1,2
1782212363,tc-26-6-1-1-8,osmo-mgw-8c8fc67d6-hxq6f,1,2
1782212363,tc-26-6-1-1-8,osmo-mobile-66cdb6fdb-5v8kp,3,36
1782212363,tc-26-6-1-1-8,osmo-stp-768687f494-brbsd,1,2
1782212363,tc-26-6-1-1-8,ttcn3-tc-26-6-1-1-1-zhmxx,1,6
1782212363,tc-26-6-1-1-8,virtphy-8b8694c65-sm67d,6,1
1782212366,tc-26-6-1-1-8,msc-test-stub-5b875d749d-nv4dq,1,16
1782212366,tc-26-6-1-1-8,osmo-bsc-594654bd47-589jj,1,5
1782212366,tc-26-6-1-1-8,osmo-bts-virtual-5f8b9b86fc-w94p4,21,5
1782212366,tc-26-6-1-1-8,osmo-hlr-546bdb8988-p2k4t,1,2
1782212366,tc-26-6-1-1-8,osmo-mgw-8c8fc67d6-hxq6f,1,2
1782212366,tc-26-6-1-1-8,osmo-mobile-66cdb6fdb-5v8kp,3,36
1782212366,tc-26-6-1-1-8,osmo-stp-768687f494-brbsd,1,2
1782212366,tc-26-6-1-1-8,ttcn3-tc-26-6-1-1-1-zhmxx,1,6
1782212366,tc-26-6-1-1-8,virtphy-8b8694c65-sm67d,6,1
1782212369,tc-26-6-1-1-8,msc-test-stub-5b875d749d-nv4dq,1,16
1782212369,tc-26-6-1-1-8,osmo-bsc-594654bd47-589jj,1,5
1782212369,tc-26-6-1-1-8,osmo-bts-virtual-5f8b9b86fc-w94p4,21,5
1782212369,tc-26-6-1-1-8,osmo-hlr-546bdb8988-p2k4t,1,2
1782212369,tc-26-6-1-1-8,osmo-mgw-8c8fc67d6-hxq6f,1,2
1782212369,tc-26-6-1-1-8,osmo-mobile-66cdb6fdb-5v8kp,2,36
1782212369,tc-26-6-1-1-8,osmo-stp-768687f494-brbsd,1,2
1782212369,tc-26-6-1-1-8,ttcn3-tc-26-6-1-1-1-zhmxx,1,6
1782212369,tc-26-6-1-1-8,virtphy-8b8694c65-sm67d,6,1
1782212372,tc-26-6-1-1-8,msc-test-stub-5b875d749d-nv4dq,1,16
1782212372,tc-26-6-1-1-8,osmo-bsc-594654bd47-589jj,1,5
1782212372,tc-26-6-1-1-8,osmo-bts-virtual-5f8b9b86fc-w94p4,21,5
1782212372,tc-26-6-1-1-8,osmo-hlr-546bdb8988-p2k4t,1,2
1782212372,tc-26-6-1-1-8,osmo-mgw-8c8fc67d6-hxq6f,1,2
1782212372,tc-26-6-1-1-8,osmo-mobile-66cdb6fdb-5v8kp,2,36
1782212372,tc-26-6-1-1-8,osmo-stp-768687f494-brbsd,1,2
1782212372,tc-26-6-1-1-8,ttcn3-tc-26-6-1-1-1-zhmxx,1,6
1782212372,tc-26-6-1-1-8,virtphy-8b8694c65-sm67d,6,1
1782212374,tc-26-6-1-1-8,msc-test-stub-5b875d749d-nv4dq,1,16
1782212374,tc-26-6-1-1-8,osmo-bsc-594654bd47-589jj,1,5
1782212374,tc-26-6-1-1-8,osmo-bts-virtual-5f8b9b86fc-w94p4,21,5
1782212374,tc-26-6-1-1-8,osmo-hlr-546bdb8988-p2k4t,1,2
1782212374,tc-26-6-1-1-8,osmo-mgw-8c8fc67d6-hxq6f,1,2
1782212374,tc-26-6-1-1-8,osmo-mobile-66cdb6fdb-5v8kp,2,36
1782212374,tc-26-6-1-1-8,osmo-stp-768687f494-brbsd,1,2
1782212374,tc-26-6-1-1-8,ttcn3-tc-26-6-1-1-1-zhmxx,1,6
1782212374,tc-26-6-1-1-8,virtphy-8b8694c65-sm67d,6,1
1782212377,tc-26-6-1-1-8,msc-test-stub-5b875d749d-nv4dq,1,16
1782212377,tc-26-6-1-1-8,osmo-bsc-594654bd47-589jj,1,5
1782212377,tc-26-6-1-1-8,osmo-bts-virtual-5f8b9b86fc-w94p4,21,5
1782212377,tc-26-6-1-1-8,osmo-hlr-546bdb8988-p2k4t,1,2
1782212377,tc-26-6-1-1-8,osmo-mgw-8c8fc67d6-hxq6f,1,2
1782212377,tc-26-6-1-1-8,osmo-mobile-66cdb6fdb-5v8kp,2,36
1782212377,tc-26-6-1-1-8,osmo-stp-768687f494-brbsd,1,2
1782212377,tc-26-6-1-1-8,ttcn3-tc-26-6-1-1-1-zhmxx,1,6
1782212377,tc-26-6-1-1-8,virtphy-8b8694c65-sm67d,6,1
1782212379,tc-26-6-1-1-8,msc-test-stub-5b875d749d-nv4dq,1,16
1782212379,tc-26-6-1-1-8,osmo-bsc-594654bd47-589jj,1,5
1782212379,tc-26-6-1-1-8,osmo-bts-virtual-5f8b9b86fc-w94p4,21,5
1782212379,tc-26-6-1-1-8,osmo-hlr-546bdb8988-p2k4t,1,2
1782212379,tc-26-6-1-1-8,osmo-mgw-8c8fc67d6-hxq6f,1,2
1782212379,tc-26-6-1-1-8,osmo-mobile-66cdb6fdb-5v8kp,2,36
1782212379,tc-26-6-1-1-8,osmo-stp-768687f494-brbsd,1,2
1782212379,tc-26-6-1-1-8,ttcn3-tc-26-6-1-1-1-zhmxx,1,6
1782212379,tc-26-6-1-1-8,virtphy-8b8694c65-sm67d,6,1
1782212381,tc-26-6-1-1-8,msc-test-stub-5b875d749d-nv4dq,1,16
1782212381,tc-26-6-1-1-8,osmo-bsc-594654bd47-589jj,1,5
1782212381,tc-26-6-1-1-8,osmo-bts-virtual-5f8b9b86fc-w94p4,21,5
1782212381,tc-26-6-1-1-8,osmo-hlr-546bdb8988-p2k4t,1,2
1782212381,tc-26-6-1-1-8,osmo-mgw-8c8fc67d6-hxq6f,1,2
1782212381,tc-26-6-1-1-8,osmo-mobile-66cdb6fdb-5v8kp,2,36
1782212381,tc-26-6-1-1-8,osmo-stp-768687f494-brbsd,1,2
1782212381,tc-26-6-1-1-8,ttcn3-tc-26-6-1-1-1-zhmxx,1,6
1782212381,tc-26-6-1-1-8,virtphy-8b8694c65-sm67d,6,1
1782212383,tc-26-6-1-1-8,msc-test-stub-5b875d749d-nv4dq,1,16
1782212383,tc-26-6-1-1-8,osmo-bsc-594654bd47-589jj,1,5
1782212383,tc-26-6-1-1-8,osmo-bts-virtual-5f8b9b86fc-w94p4,20,5
1782212383,tc-26-6-1-1-8,osmo-hlr-546bdb8988-p2k4t,1,2
1782212383,tc-26-6-1-1-8,osmo-mgw-8c8fc67d6-hxq6f,1,2
1782212383,tc-26-6-1-1-8,osmo-mobile-66cdb6fdb-5v8kp,3,36
1782212383,tc-26-6-1-1-8,osmo-stp-768687f494-brbsd,1,2
1782212383,tc-26-6-1-1-8,ttcn3-tc-26-6-1-1-1-zhmxx,1,6
1782212383,tc-26-6-1-1-8,virtphy-8b8694c65-sm67d,6,1
1782212385,tc-26-6-1-1-8,msc-test-stub-5b875d749d-nv4dq,1,16
1782212385,tc-26-6-1-1-8,osmo-bsc-594654bd47-589jj,1,5
1782212385,tc-26-6-1-1-8,osmo-bts-virtual-5f8b9b86fc-w94p4,20,5
1782212385,tc-26-6-1-1-8,osmo-hlr-546bdb8988-p2k4t,1,2
1782212385,tc-26-6-1-1-8,osmo-mgw-8c8fc67d6-hxq6f,1,2
1782212385,tc-26-6-1-1-8,osmo-mobile-66cdb6fdb-5v8kp,3,36
1782212385,tc-26-6-1-1-8,osmo-stp-768687f494-brbsd,1,2
1782212385,tc-26-6-1-1-8,ttcn3-tc-26-6-1-1-1-zhmxx,1,6
1782212385,tc-26-6-1-1-8,virtphy-8b8694c65-sm67d,6,1
1782212388,tc-26-6-1-1-8,msc-test-stub-5b875d749d-nv4dq,1,16
1782212388,tc-26-6-1-1-8,osmo-bsc-594654bd47-589jj,1,5
1782212388,tc-26-6-1-1-8,osmo-bts-virtual-5f8b9b86fc-w94p4,20,5
1782212388,tc-26-6-1-1-8,osmo-hlr-546bdb8988-p2k4t,1,2
1782212388,tc-26-6-1-1-8,osmo-mgw-8c8fc67d6-hxq6f,1,2
1782212388,tc-26-6-1-1-8,osmo-mobile-66cdb6fdb-5v8kp,3,36
1782212388,tc-26-6-1-1-8,osmo-stp-768687f494-brbsd,1,2
1782212388,tc-26-6-1-1-8,ttcn3-tc-26-6-1-1-1-zhmxx,1,6
1782212388,tc-26-6-1-1-8,virtphy-8b8694c65-sm67d,6,1
1782212390,tc-26-6-1-1-8,msc-test-stub-5b875d749d-nv4dq,1,16
1782212390,tc-26-6-1-1-8,osmo-bsc-594654bd47-589jj,1,5
1782212390,tc-26-6-1-1-8,osmo-bts-virtual-5f8b9b86fc-w94p4,20,5
1782212390,tc-26-6-1-1-8,osmo-hlr-546bdb8988-p2k4t,1,2
1782212390,tc-26-6-1-1-8,osmo-mgw-8c8fc67d6-hxq6f,1,2
1782212390,tc-26-6-1-1-8,osmo-mobile-66cdb6fdb-5v8kp,3,36
1782212390,tc-26-6-1-1-8,osmo-stp-768687f494-brbsd,1,2
1782212390,tc-26-6-1-1-8,ttcn3-tc-26-6-1-1-1-zhmxx,1,6
1782212390,tc-26-6-1-1-8,virtphy-8b8694c65-sm67d,6,1
1782212392,tc-26-6-1-1-8,msc-test-stub-5b875d749d-nv4dq,1,16
1782212392,tc-26-6-1-1-8,osmo-bsc-594654bd47-589jj,1,5
1782212392,tc-26-6-1-1-8,osmo-bts-virtual-5f8b9b86fc-w94p4,20,5
1782212392,tc-26-6-1-1-8,osmo-hlr-546bdb8988-p2k4t,1,2
1782212392,tc-26-6-1-1-8,osmo-mgw-8c8fc67d6-hxq6f,1,2
1782212392,tc-26-6-1-1-8,osmo-mobile-66cdb6fdb-5v8kp,3,36
1782212392,tc-26-6-1-1-8,osmo-stp-768687f494-brbsd,1,2
1782212392,tc-26-6-1-1-8,ttcn3-tc-26-6-1-1-1-zhmxx,1,6
1782212392,tc-26-6-1-1-8,virtphy-8b8694c65-sm67d,6,1
1782212395,tc-26-6-1-1-8,msc-test-stub-5b875d749d-nv4dq,1,16
1782212395,tc-26-6-1-1-8,osmo-bsc-594654bd47-589jj,1,5
1782212395,tc-26-6-1-1-8,osmo-bts-virtual-5f8b9b86fc-w94p4,20,5
1782212395,tc-26-6-1-1-8,osmo-hlr-546bdb8988-p2k4t,1,2
1782212395,tc-26-6-1-1-8,osmo-mgw-8c8fc67d6-hxq6f,1,2
1782212395,tc-26-6-1-1-8,osmo-mobile-66cdb6fdb-5v8kp,3,36
1782212395,tc-26-6-1-1-8,osmo-stp-768687f494-brbsd,1,2
1782212395,tc-26-6-1-1-8,ttcn3-tc-26-6-1-1-1-zhmxx,1,6
1782212395,tc-26-6-1-1-8,virtphy-8b8694c65-sm67d,6,1
1782212397,tc-26-6-1-1-8,msc-test-stub-5b875d749d-nv4dq,1,16
1782212397,tc-26-6-1-1-8,osmo-bsc-594654bd47-589jj,1,5
1782212397,tc-26-6-1-1-8,osmo-bts-virtual-5f8b9b86fc-w94p4,20,5
1782212397,tc-26-6-1-1-8,osmo-hlr-546bdb8988-p2k4t,1,2
1782212397,tc-26-6-1-1-8,osmo-mgw-8c8fc67d6-hxq6f,1,2
1782212397,tc-26-6-1-1-8,osmo-mobile-66cdb6fdb-5v8kp,3,36
1782212397,tc-26-6-1-1-8,osmo-stp-768687f494-brbsd,1,2
1782212397,tc-26-6-1-1-8,ttcn3-tc-26-6-1-1-1-zhmxx,1,6
1782212397,tc-26-6-1-1-8,virtphy-8b8694c65-sm67d,6,1
1782212399,tc-26-6-1-1-8,msc-test-stub-5b875d749d-nv4dq,1,16
1782212399,tc-26-6-1-1-8,osmo-bsc-594654bd47-589jj,1,5
1782212399,tc-26-6-1-1-8,osmo-bts-virtual-5f8b9b86fc-w94p4,21,5
1782212399,tc-26-6-1-1-8,osmo-hlr-546bdb8988-p2k4t,1,2
1782212399,tc-26-6-1-1-8,osmo-mgw-8c8fc67d6-hxq6f,1,2
1782212399,tc-26-6-1-1-8,osmo-mobile-66cdb6fdb-5v8kp,3,36
1782212399,tc-26-6-1-1-8,osmo-stp-768687f494-brbsd,1,2
1782212399,tc-26-6-1-1-8,ttcn3-tc-26-6-1-1-1-zhmxx,1,6
1782212399,tc-26-6-1-1-8,virtphy-8b8694c65-sm67d,6,1
1782212402,tc-26-6-1-1-8,msc-test-stub-5b875d749d-nv4dq,1,16
1782212402,tc-26-6-1-1-8,osmo-bsc-594654bd47-589jj,1,5
1782212402,tc-26-6-1-1-8,osmo-bts-virtual-5f8b9b86fc-w94p4,21,5
1782212402,tc-26-6-1-1-8,osmo-hlr-546bdb8988-p2k4t,1,2
1782212402,tc-26-6-1-1-8,osmo-mgw-8c8fc67d6-hxq6f,1,2
1782212402,tc-26-6-1-1-8,osmo-mobile-66cdb6fdb-5v8kp,3,36
1782212402,tc-26-6-1-1-8,osmo-stp-768687f494-brbsd,1,2
1782212402,tc-26-6-1-1-8,ttcn3-tc-26-6-1-1-1-zhmxx,1,6
1782212402,tc-26-6-1-1-8,virtphy-8b8694c65-sm67d,6,1
1782212404,tc-26-6-1-1-8,msc-test-stub-5b875d749d-nv4dq,1,16
1782212404,tc-26-6-1-1-8,osmo-bsc-594654bd47-589jj,1,5
1782212404,tc-26-6-1-1-8,osmo-bts-virtual-5f8b9b86fc-w94p4,21,5
1782212404,tc-26-6-1-1-8,osmo-hlr-546bdb8988-p2k4t,1,2
1782212404,tc-26-6-1-1-8,osmo-mgw-8c8fc67d6-hxq6f,1,2
1782212404,tc-26-6-1-1-8,osmo-mobile-66cdb6fdb-5v8kp,3,36
1782212404,tc-26-6-1-1-8,osmo-stp-768687f494-brbsd,1,2
1782212404,tc-26-6-1-1-8,ttcn3-tc-26-6-1-1-1-zhmxx,1,6
1782212404,tc-26-6-1-1-8,virtphy-8b8694c65-sm67d,6,1
1782212407,tc-26-6-1-1-8,msc-test-stub-5b875d749d-nv4dq,1,16
1782212407,tc-26-6-1-1-8,osmo-bsc-594654bd47-589jj,1,5
1782212407,tc-26-6-1-1-8,osmo-bts-virtual-5f8b9b86fc-w94p4,21,5
1782212407,tc-26-6-1-1-8,osmo-hlr-546bdb8988-p2k4t,1,2
1782212407,tc-26-6-1-1-8,osmo-mgw-8c8fc67d6-hxq6f,1,2
1782212407,tc-26-6-1-1-8,osmo-mobile-66cdb6fdb-5v8kp,3,36
1782212407,tc-26-6-1-1-8,osmo-stp-768687f494-brbsd,1,2
1782212407,tc-26-6-1-1-8,ttcn3-tc-26-6-1-1-1-zhmxx,1,6
1782212407,tc-26-6-1-1-8,virtphy-8b8694c65-sm67d,6,1
1782212409,tc-26-6-1-1-8,msc-test-stub-5b875d749d-nv4dq,1,16
1782212409,tc-26-6-1-1-8,osmo-bsc-594654bd47-589jj,1,5
1782212409,tc-26-6-1-1-8,osmo-bts-virtual-5f8b9b86fc-w94p4,21,5
1782212409,tc-26-6-1-1-8,osmo-hlr-546bdb8988-p2k4t,1,2
1782212409,tc-26-6-1-1-8,osmo-mgw-8c8fc67d6-hxq6f,1,2
1782212409,tc-26-6-1-1-8,osmo-mobile-66cdb6fdb-5v8kp,3,36
1782212409,tc-26-6-1-1-8,osmo-stp-768687f494-brbsd,1,2
1782212409,tc-26-6-1-1-8,ttcn3-tc-26-6-1-1-1-zhmxx,1,6
1782212409,tc-26-6-1-1-8,virtphy-8b8694c65-sm67d,6,1
1782212412,tc-26-6-1-1-8,msc-test-stub-5b875d749d-nv4dq,1,16
1782212412,tc-26-6-1-1-8,osmo-bsc-594654bd47-589jj,1,5
1782212412,tc-26-6-1-1-8,osmo-bts-virtual-5f8b9b86fc-w94p4,21,5
1782212412,tc-26-6-1-1-8,osmo-hlr-546bdb8988-p2k4t,1,2
1782212412,tc-26-6-1-1-8,osmo-mgw-8c8fc67d6-hxq6f,1,2
1782212412,tc-26-6-1-1-8,osmo-mobile-66cdb6fdb-5v8kp,3,36
1782212412,tc-26-6-1-1-8,osmo-stp-768687f494-brbsd,1,2
1782212412,tc-26-6-1-1-8,ttcn3-tc-26-6-1-1-1-zhmxx,1,6
1782212412,tc-26-6-1-1-8,virtphy-8b8694c65-sm67d,6,1
1782212414,tc-26-6-1-1-8,msc-test-stub-5b875d749d-nv4dq,1,16
1782212414,tc-26-6-1-1-8,osmo-bsc-594654bd47-589jj,1,5
1782212414,tc-26-6-1-1-8,osmo-bts-virtual-5f8b9b86fc-w94p4,20,5
1782212414,tc-26-6-1-1-8,osmo-hlr-546bdb8988-p2k4t,1,2
1782212414,tc-26-6-1-1-8,osmo-mgw-8c8fc67d6-hxq6f,1,2
1782212414,tc-26-6-1-1-8,osmo-mobile-66cdb6fdb-5v8kp,2,36
1782212414,tc-26-6-1-1-8,osmo-stp-768687f494-brbsd,1,2
1782212414,tc-26-6-1-1-8,ttcn3-tc-26-6-1-1-1-zhmxx,1,6
1782212414,tc-26-6-1-1-8,virtphy-8b8694c65-sm67d,6,1
1782212417,tc-26-6-1-1-8,msc-test-stub-5b875d749d-nv4dq,1,16
1782212417,tc-26-6-1-1-8,osmo-bsc-594654bd47-589jj,1,5
1782212417,tc-26-6-1-1-8,osmo-bts-virtual-5f8b9b86fc-w94p4,20,5
1782212417,tc-26-6-1-1-8,osmo-hlr-546bdb8988-p2k4t,1,2
1782212417,tc-26-6-1-1-8,osmo-mgw-8c8fc67d6-hxq6f,1,2
1782212417,tc-26-6-1-1-8,osmo-mobile-66cdb6fdb-5v8kp,2,36
1782212417,tc-26-6-1-1-8,osmo-stp-768687f494-brbsd,1,2
1782212417,tc-26-6-1-1-8,ttcn3-tc-26-6-1-1-1-zhmxx,1,6
1782212417,tc-26-6-1-1-8,virtphy-8b8694c65-sm67d,6,1
1782212419,tc-26-6-1-1-8,msc-test-stub-5b875d749d-nv4dq,1,16
1782212419,tc-26-6-1-1-8,osmo-bsc-594654bd47-589jj,1,5
1782212419,tc-26-6-1-1-8,osmo-bts-virtual-5f8b9b86fc-w94p4,20,5
1782212419,tc-26-6-1-1-8,osmo-hlr-546bdb8988-p2k4t,1,2
1782212419,tc-26-6-1-1-8,osmo-mgw-8c8fc67d6-hxq6f,1,2
1782212419,tc-26-6-1-1-8,osmo-mobile-66cdb6fdb-5v8kp,2,36
1782212419,tc-26-6-1-1-8,osmo-stp-768687f494-brbsd,1,2
1782212419,tc-26-6-1-1-8,ttcn3-tc-26-6-1-1-1-zhmxx,1,6
1782212419,tc-26-6-1-1-8,virtphy-8b8694c65-sm67d,6,1
1782212422,tc-26-6-1-1-8,msc-test-stub-5b875d749d-nv4dq,1,16
1782212422,tc-26-6-1-1-8,osmo-bsc-594654bd47-589jj,1,5
1782212422,tc-26-6-1-1-8,osmo-bts-virtual-5f8b9b86fc-w94p4,20,5
1782212422,tc-26-6-1-1-8,osmo-hlr-546bdb8988-p2k4t,1,2
1782212422,tc-26-6-1-1-8,osmo-mgw-8c8fc67d6-hxq6f,1,2
1782212422,tc-26-6-1-1-8,osmo-mobile-66cdb6fdb-5v8kp,2,36
1782212422,tc-26-6-1-1-8,osmo-stp-768687f494-brbsd,1,2
1782212422,tc-26-6-1-1-8,ttcn3-tc-26-6-1-1-1-zhmxx,1,6
1782212422,tc-26-6-1-1-8,virtphy-8b8694c65-sm67d,6,1
1782212424,tc-26-6-1-1-8,msc-test-stub-5b875d749d-nv4dq,1,16
1782212424,tc-26-6-1-1-8,osmo-bsc-594654bd47-589jj,1,5
1782212424,tc-26-6-1-1-8,osmo-bts-virtual-5f8b9b86fc-w94p4,20,5
1782212424,tc-26-6-1-1-8,osmo-hlr-546bdb8988-p2k4t,1,2
1782212424,tc-26-6-1-1-8,osmo-mgw-8c8fc67d6-hxq6f,1,2
1782212424,tc-26-6-1-1-8,osmo-mobile-66cdb6fdb-5v8kp,2,36
1782212424,tc-26-6-1-1-8,osmo-stp-768687f494-brbsd,1,2
1782212424,tc-26-6-1-1-8,ttcn3-tc-26-6-1-1-1-zhmxx,1,6
1782212424,tc-26-6-1-1-8,virtphy-8b8694c65-sm67d,6,1
1782212426,tc-26-6-1-1-8,msc-test-stub-5b875d749d-nv4dq,1,16
1782212426,tc-26-6-1-1-8,osmo-bsc-594654bd47-589jj,1,5
1782212426,tc-26-6-1-1-8,osmo-bts-virtual-5f8b9b86fc-w94p4,20,5
1782212426,tc-26-6-1-1-8,osmo-hlr-546bdb8988-p2k4t,1,2
1782212426,tc-26-6-1-1-8,osmo-mgw-8c8fc67d6-hxq6f,1,2
1782212426,tc-26-6-1-1-8,osmo-mobile-66cdb6fdb-5v8kp,2,36
1782212426,tc-26-6-1-1-8,osmo-stp-768687f494-brbsd,1,2
1782212426,tc-26-6-1-1-8,ttcn3-tc-26-6-1-1-1-zhmxx,1,6
1782212426,tc-26-6-1-1-8,virtphy-8b8694c65-sm67d,6,1
1782212429,tc-26-6-1-1-8,msc-test-stub-5b875d749d-nv4dq,1,16
1782212429,tc-26-6-1-1-8,osmo-bsc-594654bd47-589jj,1,5
1782212429,tc-26-6-1-1-8,osmo-bts-virtual-5f8b9b86fc-w94p4,19,5
1782212429,tc-26-6-1-1-8,osmo-hlr-546bdb8988-p2k4t,1,2
1782212429,tc-26-6-1-1-8,osmo-mgw-8c8fc67d6-hxq6f,1,2
1782212429,tc-26-6-1-1-8,osmo-mobile-66cdb6fdb-5v8kp,2,36
1782212429,tc-26-6-1-1-8,osmo-stp-768687f494-brbsd,1,2
1782212429,tc-26-6-1-1-8,ttcn3-tc-26-6-1-1-1-zhmxx,1,6
1782212429,tc-26-6-1-1-8,virtphy-8b8694c65-sm67d,6,1
1782212431,tc-26-6-1-1-8,msc-test-stub-5b875d749d-nv4dq,1,16
1782212431,tc-26-6-1-1-8,osmo-bsc-594654bd47-589jj,1,5
1782212431,tc-26-6-1-1-8,osmo-bts-virtual-5f8b9b86fc-w94p4,19,5
1782212431,tc-26-6-1-1-8,osmo-hlr-546bdb8988-p2k4t,1,2
1782212431,tc-26-6-1-1-8,osmo-mgw-8c8fc67d6-hxq6f,1,2
1782212431,tc-26-6-1-1-8,osmo-mobile-66cdb6fdb-5v8kp,2,36
1782212431,tc-26-6-1-1-8,osmo-stp-768687f494-brbsd,1,2
1782212431,tc-26-6-1-1-8,ttcn3-tc-26-6-1-1-1-zhmxx,1,6
1782212431,tc-26-6-1-1-8,virtphy-8b8694c65-sm67d,6,1
1782212433,tc-26-6-1-1-8,msc-test-stub-5b875d749d-nv4dq,1,16
1782212433,tc-26-6-1-1-8,osmo-bsc-594654bd47-589jj,1,5
1782212433,tc-26-6-1-1-8,osmo-bts-virtual-5f8b9b86fc-w94p4,19,5
1782212433,tc-26-6-1-1-8,osmo-hlr-546bdb8988-p2k4t,1,2
1782212433,tc-26-6-1-1-8,osmo-mgw-8c8fc67d6-hxq6f,1,2
1782212433,tc-26-6-1-1-8,osmo-mobile-66cdb6fdb-5v8kp,2,36
1782212433,tc-26-6-1-1-8,osmo-stp-768687f494-brbsd,1,2
1782212433,tc-26-6-1-1-8,ttcn3-tc-26-6-1-1-1-zhmxx,1,6
1782212433,tc-26-6-1-1-8,virtphy-8b8694c65-sm67d,6,1
1782212436,tc-26-6-1-1-8,msc-test-stub-5b875d749d-nv4dq,1,16
1782212436,tc-26-6-1-1-8,osmo-bsc-594654bd47-589jj,1,5
1782212436,tc-26-6-1-1-8,osmo-bts-virtual-5f8b9b86fc-w94p4,19,5
1782212436,tc-26-6-1-1-8,osmo-hlr-546bdb8988-p2k4t,1,2
1782212436,tc-26-6-1-1-8,osmo-mgw-8c8fc67d6-hxq6f,1,2
1782212436,tc-26-6-1-1-8,osmo-mobile-66cdb6fdb-5v8kp,2,36
1782212436,tc-26-6-1-1-8,osmo-stp-768687f494-brbsd,1,2
1782212436,tc-26-6-1-1-8,ttcn3-tc-26-6-1-1-1-zhmxx,1,6
1782212436,tc-26-6-1-1-8,virtphy-8b8694c65-sm67d,6,1
1782212438,tc-26-6-1-1-8,msc-test-stub-5b875d749d-nv4dq,1,16
1782212438,tc-26-6-1-1-8,osmo-bsc-594654bd47-589jj,1,5
1782212438,tc-26-6-1-1-8,osmo-bts-virtual-5f8b9b86fc-w94p4,19,5
1782212438,tc-26-6-1-1-8,osmo-hlr-546bdb8988-p2k4t,1,2
1782212438,tc-26-6-1-1-8,osmo-mgw-8c8fc67d6-hxq6f,1,2
1782212438,tc-26-6-1-1-8,osmo-mobile-66cdb6fdb-5v8kp,2,36
1782212438,tc-26-6-1-1-8,osmo-stp-768687f494-brbsd,1,2
1782212438,tc-26-6-1-1-8,ttcn3-tc-26-6-1-1-1-zhmxx,1,6
1782212438,tc-26-6-1-1-8,virtphy-8b8694c65-sm67d,6,1
1782212440,tc-26-6-1-1-8,msc-test-stub-5b875d749d-nv4dq,1,16
1782212440,tc-26-6-1-1-8,osmo-bsc-594654bd47-589jj,1,5
1782212440,tc-26-6-1-1-8,osmo-bts-virtual-5f8b9b86fc-w94p4,19,5
1782212440,tc-26-6-1-1-8,osmo-hlr-546bdb8988-p2k4t,1,2
1782212440,tc-26-6-1-1-8,osmo-mgw-8c8fc67d6-hxq6f,1,2
1782212440,tc-26-6-1-1-8,osmo-mobile-66cdb6fdb-5v8kp,2,36
1782212440,tc-26-6-1-1-8,osmo-stp-768687f494-brbsd,1,2
1782212440,tc-26-6-1-1-8,ttcn3-tc-26-6-1-1-1-zhmxx,1,6
1782212440,tc-26-6-1-1-8,virtphy-8b8694c65-sm67d,6,1
1782212442,tc-26-6-1-1-8,msc-test-stub-5b875d749d-nv4dq,1,16
1782212442,tc-26-6-1-1-8,osmo-bsc-594654bd47-589jj,1,5
1782212442,tc-26-6-1-1-8,osmo-bts-virtual-5f8b9b86fc-w94p4,19,5
1782212442,tc-26-6-1-1-8,osmo-hlr-546bdb8988-p2k4t,1,2
1782212442,tc-26-6-1-1-8,osmo-mgw-8c8fc67d6-hxq6f,1,2
1782212442,tc-26-6-1-1-8,osmo-mobile-66cdb6fdb-5v8kp,2,36
1782212442,tc-26-6-1-1-8,osmo-stp-768687f494-brbsd,1,2
1782212442,tc-26-6-1-1-8,ttcn3-tc-26-6-1-1-1-zhmxx,1,6
1782212442,tc-26-6-1-1-8,virtphy-8b8694c65-sm67d,6,1
1782212444,tc-26-6-1-1-8,msc-test-stub-5b875d749d-nv4dq,1,16
1782212444,tc-26-6-1-1-8,osmo-bsc-594654bd47-589jj,1,5
1782212444,tc-26-6-1-1-8,osmo-bts-virtual-5f8b9b86fc-w94p4,20,5
1782212444,tc-26-6-1-1-8,osmo-hlr-546bdb8988-p2k4t,1,2
1782212444,tc-26-6-1-1-8,osmo-mgw-8c8fc67d6-hxq6f,1,2
1782212444,tc-26-6-1-1-8,osmo-mobile-66cdb6fdb-5v8kp,2,36
1782212444,tc-26-6-1-1-8,osmo-stp-768687f494-brbsd,1,2
1782212444,tc-26-6-1-1-8,ttcn3-tc-26-6-1-1-1-zhmxx,1,6
1782212444,tc-26-6-1-1-8,virtphy-8b8694c65-sm67d,6,1
1782212447,tc-26-6-1-1-8,msc-test-stub-5b875d749d-nv4dq,1,16
1782212447,tc-26-6-1-1-8,osmo-bsc-594654bd47-589jj,1,5
1782212447,tc-26-6-1-1-8,osmo-bts-virtual-5f8b9b86fc-w94p4,20,5
1782212447,tc-26-6-1-1-8,osmo-hlr-546bdb8988-p2k4t,1,2
1782212447,tc-26-6-1-1-8,osmo-mgw-8c8fc67d6-hxq6f,1,2
1782212447,tc-26-6-1-1-8,osmo-mobile-66cdb6fdb-5v8kp,2,36
1782212447,tc-26-6-1-1-8,osmo-stp-768687f494-brbsd,1,2
1782212447,tc-26-6-1-1-8,ttcn3-tc-26-6-1-1-1-zhmxx,1,6
1782212447,tc-26-6-1-1-8,virtphy-8b8694c65-sm67d,6,1
1782212449,tc-26-6-1-1-8,msc-test-stub-5b875d749d-nv4dq,1,16
1782212449,tc-26-6-1-1-8,osmo-bsc-594654bd47-589jj,1,5
1782212449,tc-26-6-1-1-8,osmo-bts-virtual-5f8b9b86fc-w94p4,20,5
1782212449,tc-26-6-1-1-8,osmo-hlr-546bdb8988-p2k4t,1,2
1782212449,tc-26-6-1-1-8,osmo-mgw-8c8fc67d6-hxq6f,1,2
1782212449,tc-26-6-1-1-8,osmo-mobile-66cdb6fdb-5v8kp,2,36
1782212449,tc-26-6-1-1-8,osmo-stp-768687f494-brbsd,1,2
1782212449,tc-26-6-1-1-8,ttcn3-tc-26-6-1-1-1-zhmxx,1,6
1782212449,tc-26-6-1-1-8,virtphy-8b8694c65-sm67d,6,1
1782212452,tc-26-6-1-1-8,msc-test-stub-5b875d749d-nv4dq,1,16
1782212452,tc-26-6-1-1-8,osmo-bsc-594654bd47-589jj,1,5
1782212452,tc-26-6-1-1-8,osmo-bts-virtual-5f8b9b86fc-w94p4,20,5
1782212452,tc-26-6-1-1-8,osmo-hlr-546bdb8988-p2k4t,1,2
1782212452,tc-26-6-1-1-8,osmo-mgw-8c8fc67d6-hxq6f,1,2
1782212452,tc-26-6-1-1-8,osmo-mobile-66cdb6fdb-5v8kp,2,36
1782212452,tc-26-6-1-1-8,osmo-stp-768687f494-brbsd,1,2
1782212452,tc-26-6-1-1-8,ttcn3-tc-26-6-1-1-1-zhmxx,1,6
1782212452,tc-26-6-1-1-8,virtphy-8b8694c65-sm67d,6,1
1782212454,tc-26-6-1-1-8,msc-test-stub-5b875d749d-nv4dq,1,16
1782212454,tc-26-6-1-1-8,osmo-bsc-594654bd47-589jj,1,5
1782212454,tc-26-6-1-1-8,osmo-bts-virtual-5f8b9b86fc-w94p4,20,5
1782212454,tc-26-6-1-1-8,osmo-hlr-546bdb8988-p2k4t,1,2
1782212454,tc-26-6-1-1-8,osmo-mgw-8c8fc67d6-hxq6f,1,2
1782212454,tc-26-6-1-1-8,osmo-mobile-66cdb6fdb-5v8kp,2,36
1782212454,tc-26-6-1-1-8,osmo-stp-768687f494-brbsd,1,2
1782212454,tc-26-6-1-1-8,ttcn3-tc-26-6-1-1-1-zhmxx,1,6
1782212454,tc-26-6-1-1-8,virtphy-8b8694c65-sm67d,6,1
1782212456,tc-26-6-1-1-8,msc-test-stub-5b875d749d-nv4dq,1,16
1782212456,tc-26-6-1-1-8,osmo-bsc-594654bd47-589jj,1,5
1782212456,tc-26-6-1-1-8,osmo-bts-virtual-5f8b9b86fc-w94p4,20,5
1782212456,tc-26-6-1-1-8,osmo-hlr-546bdb8988-p2k4t,1,2
1782212456,tc-26-6-1-1-8,osmo-mgw-8c8fc67d6-hxq6f,1,2
1782212456,tc-26-6-1-1-8,osmo-mobile-66cdb6fdb-5v8kp,2,36
1782212456,tc-26-6-1-1-8,osmo-stp-768687f494-brbsd,1,2
1782212456,tc-26-6-1-1-8,ttcn3-tc-26-6-1-1-1-zhmxx,1,6
1782212456,tc-26-6-1-1-8,virtphy-8b8694c65-sm67d,6,1
1782212458,tc-26-6-1-1-8,msc-test-stub-5b875d749d-nv4dq,1,16
1782212458,tc-26-6-1-1-8,osmo-bsc-594654bd47-589jj,1,5
1782212458,tc-26-6-1-1-8,osmo-bts-virtual-5f8b9b86fc-w94p4,18,5
1782212458,tc-26-6-1-1-8,osmo-hlr-546bdb8988-p2k4t,1,2
1782212458,tc-26-6-1-1-8,osmo-mgw-8c8fc67d6-hxq6f,1,2
1782212458,tc-26-6-1-1-8,osmo-mobile-66cdb6fdb-5v8kp,3,36
1782212458,tc-26-6-1-1-8,osmo-stp-768687f494-brbsd,1,2
1782212458,tc-26-6-1-1-8,ttcn3-tc-26-6-1-1-1-zhmxx,1,6
1782212458,tc-26-6-1-1-8,virtphy-8b8694c65-sm67d,6,1
1782212460,tc-26-6-1-1-8,msc-test-stub-5b875d749d-nv4dq,1,16
1782212460,tc-26-6-1-1-8,osmo-bsc-594654bd47-589jj,1,5
1782212460,tc-26-6-1-1-8,osmo-bts-virtual-5f8b9b86fc-w94p4,18,5
1782212460,tc-26-6-1-1-8,osmo-hlr-546bdb8988-p2k4t,1,2
1782212460,tc-26-6-1-1-8,osmo-mgw-8c8fc67d6-hxq6f,1,2
1782212460,tc-26-6-1-1-8,osmo-mobile-66cdb6fdb-5v8kp,3,36
1782212460,tc-26-6-1-1-8,osmo-stp-768687f494-brbsd,1,2
1782212460,tc-26-6-1-1-8,ttcn3-tc-26-6-1-1-1-zhmxx,1,6
1782212460,tc-26-6-1-1-8,virtphy-8b8694c65-sm67d,6,1
1782212462,tc-26-6-1-1-8,msc-test-stub-5b875d749d-nv4dq,1,16
1782212462,tc-26-6-1-1-8,osmo-bsc-594654bd47-589jj,1,5
1782212462,tc-26-6-1-1-8,osmo-bts-virtual-5f8b9b86fc-w94p4,18,5
1782212462,tc-26-6-1-1-8,osmo-hlr-546bdb8988-p2k4t,1,2
1782212462,tc-26-6-1-1-8,osmo-mgw-8c8fc67d6-hxq6f,1,2
1782212462,tc-26-6-1-1-8,osmo-mobile-66cdb6fdb-5v8kp,3,36
1782212462,tc-26-6-1-1-8,osmo-stp-768687f494-brbsd,1,2
1782212462,tc-26-6-1-1-8,ttcn3-tc-26-6-1-1-1-zhmxx,1,6
1782212462,tc-26-6-1-1-8,virtphy-8b8694c65-sm67d,6,1
1782212464,tc-26-6-1-1-8,msc-test-stub-5b875d749d-nv4dq,1,16
1782212464,tc-26-6-1-1-8,osmo-bsc-594654bd47-589jj,1,5
1782212464,tc-26-6-1-1-8,osmo-bts-virtual-5f8b9b86fc-w94p4,18,5
1782212464,tc-26-6-1-1-8,osmo-hlr-546bdb8988-p2k4t,1,2
1782212464,tc-26-6-1-1-8,osmo-mgw-8c8fc67d6-hxq6f,1,2
1782212464,tc-26-6-1-1-8,osmo-mobile-66cdb6fdb-5v8kp,3,36
1782212464,tc-26-6-1-1-8,osmo-stp-768687f494-brbsd,1,2
1782212464,tc-26-6-1-1-8,ttcn3-tc-26-6-1-1-1-zhmxx,1,6
1782212464,tc-26-6-1-1-8,virtphy-8b8694c65-sm67d,6,1
1782212466,tc-26-6-1-1-8,msc-test-stub-5b875d749d-nv4dq,1,16
1782212466,tc-26-6-1-1-8,osmo-bsc-594654bd47-589jj,1,5
1782212466,tc-26-6-1-1-8,osmo-bts-virtual-5f8b9b86fc-w94p4,18,5
1782212466,tc-26-6-1-1-8,osmo-hlr-546bdb8988-p2k4t,1,2
1782212466,tc-26-6-1-1-8,osmo-mgw-8c8fc67d6-hxq6f,1,2
1782212466,tc-26-6-1-1-8,osmo-mobile-66cdb6fdb-5v8kp,3,36
1782212466,tc-26-6-1-1-8,osmo-stp-768687f494-brbsd,1,2
1782212466,tc-26-6-1-1-8,ttcn3-tc-26-6-1-1-1-zhmxx,1,6
1782212466,tc-26-6-1-1-8,virtphy-8b8694c65-sm67d,6,1
1782212469,tc-26-6-1-1-8,msc-test-stub-5b875d749d-nv4dq,1,16
1782212469,tc-26-6-1-1-8,osmo-bsc-594654bd47-589jj,1,5
1782212469,tc-26-6-1-1-8,osmo-bts-virtual-5f8b9b86fc-w94p4,18,5
1782212469,tc-26-6-1-1-8,osmo-hlr-546bdb8988-p2k4t,1,2
1782212469,tc-26-6-1-1-8,osmo-mgw-8c8fc67d6-hxq6f,1,2
1782212469,tc-26-6-1-1-8,osmo-mobile-66cdb6fdb-5v8kp,3,36
1782212469,tc-26-6-1-1-8,osmo-stp-768687f494-brbsd,1,2
1782212469,tc-26-6-1-1-8,ttcn3-tc-26-6-1-1-1-zhmxx,1,6
1782212469,tc-26-6-1-1-8,virtphy-8b8694c65-sm67d,6,1
1782212471,tc-26-6-1-1-8,msc-test-stub-5b875d749d-nv4dq,1,16
1782212471,tc-26-6-1-1-8,osmo-bsc-594654bd47-589jj,1,5
1782212471,tc-26-6-1-1-8,osmo-bts-virtual-5f8b9b86fc-w94p4,18,5
1782212471,tc-26-6-1-1-8,osmo-hlr-546bdb8988-p2k4t,1,2
1782212471,tc-26-6-1-1-8,osmo-mgw-8c8fc67d6-hxq6f,1,2
1782212471,tc-26-6-1-1-8,osmo-mobile-66cdb6fdb-5v8kp,3,36
1782212471,tc-26-6-1-1-8,osmo-stp-768687f494-brbsd,1,2
1782212471,tc-26-6-1-1-8,ttcn3-tc-26-6-1-1-1-zhmxx,1,6
1782212471,tc-26-6-1-1-8,virtphy-8b8694c65-sm67d,6,1
1782212473,tc-26-6-1-1-8,msc-test-stub-5b875d749d-nv4dq,1,16
1782212473,tc-26-6-1-1-8,osmo-bsc-594654bd47-589jj,1,5
1782212473,tc-26-6-1-1-8,osmo-bts-virtual-5f8b9b86fc-w94p4,17,5
1782212473,tc-26-6-1-1-8,osmo-hlr-546bdb8988-p2k4t,1,2
1782212473,tc-26-6-1-1-8,osmo-mgw-8c8fc67d6-hxq6f,1,2
1782212473,tc-26-6-1-1-8,osmo-mobile-66cdb6fdb-5v8kp,3,36
1782212473,tc-26-6-1-1-8,osmo-stp-768687f494-brbsd,1,2
1782212473,tc-26-6-1-1-8,ttcn3-tc-26-6-1-1-1-zhmxx,1,6
1782212473,tc-26-6-1-1-8,virtphy-8b8694c65-sm67d,6,1
1782212475,tc-26-6-1-1-8,msc-test-stub-5b875d749d-nv4dq,1,16
1782212475,tc-26-6-1-1-8,osmo-bsc-594654bd47-589jj,1,5
1782212475,tc-26-6-1-1-8,osmo-bts-virtual-5f8b9b86fc-w94p4,17,5
1782212475,tc-26-6-1-1-8,osmo-hlr-546bdb8988-p2k4t,1,2
1782212475,tc-26-6-1-1-8,osmo-mgw-8c8fc67d6-hxq6f,1,2
1782212475,tc-26-6-1-1-8,osmo-mobile-66cdb6fdb-5v8kp,3,36
1782212475,tc-26-6-1-1-8,osmo-stp-768687f494-brbsd,1,2
1782212475,tc-26-6-1-1-8,ttcn3-tc-26-6-1-1-1-zhmxx,1,6
1782212475,tc-26-6-1-1-8,virtphy-8b8694c65-sm67d,6,1
1782212478,tc-26-6-1-1-8,msc-test-stub-5b875d749d-nv4dq,1,16
1782212478,tc-26-6-1-1-8,osmo-bsc-594654bd47-589jj,1,5
1782212478,tc-26-6-1-1-8,osmo-bts-virtual-5f8b9b86fc-w94p4,17,5
1782212478,tc-26-6-1-1-8,osmo-hlr-546bdb8988-p2k4t,1,2
1782212478,tc-26-6-1-1-8,osmo-mgw-8c8fc67d6-hxq6f,1,2
1782212478,tc-26-6-1-1-8,osmo-mobile-66cdb6fdb-5v8kp,3,36
1782212478,tc-26-6-1-1-8,osmo-stp-768687f494-brbsd,1,2
1782212478,tc-26-6-1-1-8,ttcn3-tc-26-6-1-1-1-zhmxx,1,6
1782212478,tc-26-6-1-1-8,virtphy-8b8694c65-sm67d,6,1
1782212480,tc-26-6-1-1-8,msc-test-stub-5b875d749d-nv4dq,1,16
1782212480,tc-26-6-1-1-8,osmo-bsc-594654bd47-589jj,1,5
1782212480,tc-26-6-1-1-8,osmo-bts-virtual-5f8b9b86fc-w94p4,17,5
1782212480,tc-26-6-1-1-8,osmo-hlr-546bdb8988-p2k4t,1,2
1782212480,tc-26-6-1-1-8,osmo-mgw-8c8fc67d6-hxq6f,1,2
1782212480,tc-26-6-1-1-8,osmo-mobile-66cdb6fdb-5v8kp,3,36
1782212480,tc-26-6-1-1-8,osmo-stp-768687f494-brbsd,1,2
1782212480,tc-26-6-1-1-8,ttcn3-tc-26-6-1-1-1-zhmxx,1,6
1782212480,tc-26-6-1-1-8,virtphy-8b8694c65-sm67d,6,1
1782212482,tc-26-6-1-1-8,msc-test-stub-5b875d749d-nv4dq,1,16
1782212482,tc-26-6-1-1-8,osmo-bsc-594654bd47-589jj,1,5
1782212482,tc-26-6-1-1-8,osmo-bts-virtual-5f8b9b86fc-w94p4,17,5
1782212482,tc-26-6-1-1-8,osmo-hlr-546bdb8988-p2k4t,1,2
1782212482,tc-26-6-1-1-8,osmo-mgw-8c8fc67d6-hxq6f,1,2
1782212482,tc-26-6-1-1-8,osmo-mobile-66cdb6fdb-5v8kp,3,36
1782212482,tc-26-6-1-1-8,osmo-stp-768687f494-brbsd,1,2
1782212482,tc-26-6-1-1-8,ttcn3-tc-26-6-1-1-1-zhmxx,1,6
1782212482,tc-26-6-1-1-8,virtphy-8b8694c65-sm67d,6,1
1782212484,tc-26-6-1-1-8,msc-test-stub-5b875d749d-nv4dq,1,16
1782212484,tc-26-6-1-1-8,osmo-bsc-594654bd47-589jj,1,5
1782212484,tc-26-6-1-1-8,osmo-bts-virtual-5f8b9b86fc-w94p4,17,5
1782212484,tc-26-6-1-1-8,osmo-hlr-546bdb8988-p2k4t,1,2
1782212484,tc-26-6-1-1-8,osmo-mgw-8c8fc67d6-hxq6f,1,2
1782212484,tc-26-6-1-1-8,osmo-mobile-66cdb6fdb-5v8kp,3,36
1782212484,tc-26-6-1-1-8,osmo-stp-768687f494-brbsd,1,2
1782212484,tc-26-6-1-1-8,ttcn3-tc-26-6-1-1-1-zhmxx,1,6
1782212484,tc-26-6-1-1-8,virtphy-8b8694c65-sm67d,6,1
1782212486,tc-26-6-1-1-8,msc-test-stub-5b875d749d-nv4dq,1,16
1782212486,tc-26-6-1-1-8,osmo-bsc-594654bd47-589jj,1,5
1782212486,tc-26-6-1-1-8,osmo-bts-virtual-5f8b9b86fc-w94p4,17,5
1782212486,tc-26-6-1-1-8,osmo-hlr-546bdb8988-p2k4t,1,2
1782212486,tc-26-6-1-1-8,osmo-mgw-8c8fc67d6-hxq6f,1,2
1782212486,tc-26-6-1-1-8,osmo-mobile-66cdb6fdb-5v8kp,3,36
1782212486,tc-26-6-1-1-8,osmo-stp-768687f494-brbsd,1,2
1782212486,tc-26-6-1-1-8,ttcn3-tc-26-6-1-1-1-zhmxx,1,6
1782212486,tc-26-6-1-1-8,virtphy-8b8694c65-sm67d,6,1
1782212488,tc-26-6-1-1-8,msc-test-stub-5b875d749d-nv4dq,1,16
1782212488,tc-26-6-1-1-8,osmo-bsc-594654bd47-589jj,1,5
1782212488,tc-26-6-1-1-8,osmo-bts-virtual-5f8b9b86fc-w94p4,18,5
1782212488,tc-26-6-1-1-8,osmo-hlr-546bdb8988-p2k4t,1,2
1782212488,tc-26-6-1-1-8,osmo-mgw-8c8fc67d6-hxq6f,1,2
1782212488,tc-26-6-1-1-8,osmo-mobile-66cdb6fdb-5v8kp,3,36
1782212488,tc-26-6-1-1-8,osmo-stp-768687f494-brbsd,1,2
1782212488,tc-26-6-1-1-8,ttcn3-tc-26-6-1-1-1-zhmxx,1,6
1782212488,tc-26-6-1-1-8,virtphy-8b8694c65-sm67d,6,1
1782212490,tc-26-6-1-1-8,msc-test-stub-5b875d749d-nv4dq,1,16
1782212490,tc-26-6-1-1-8,osmo-bsc-594654bd47-589jj,1,5
1782212490,tc-26-6-1-1-8,osmo-bts-virtual-5f8b9b86fc-w94p4,18,5
1782212490,tc-26-6-1-1-8,osmo-hlr-546bdb8988-p2k4t,1,2
1782212490,tc-26-6-1-1-8,osmo-mgw-8c8fc67d6-hxq6f,1,2
1782212490,tc-26-6-1-1-8,osmo-mobile-66cdb6fdb-5v8kp,3,36
1782212490,tc-26-6-1-1-8,osmo-stp-768687f494-brbsd,1,2
1782212490,tc-26-6-1-1-8,ttcn3-tc-26-6-1-1-1-zhmxx,1,6
1782212490,tc-26-6-1-1-8,virtphy-8b8694c65-sm67d,6,1
1782212492,tc-26-6-1-1-8,msc-test-stub-5b875d749d-nv4dq,1,16
1782212492,tc-26-6-1-1-8,osmo-bsc-594654bd47-589jj,1,5
1782212492,tc-26-6-1-1-8,osmo-bts-virtual-5f8b9b86fc-w94p4,18,5
1782212492,tc-26-6-1-1-8,osmo-hlr-546bdb8988-p2k4t,1,2
1782212492,tc-26-6-1-1-8,osmo-mgw-8c8fc67d6-hxq6f,1,2
1782212492,tc-26-6-1-1-8,osmo-mobile-66cdb6fdb-5v8kp,3,36
1782212492,tc-26-6-1-1-8,osmo-stp-768687f494-brbsd,1,2
1782212492,tc-26-6-1-1-8,ttcn3-tc-26-6-1-1-1-zhmxx,1,6
1782212492,tc-26-6-1-1-8,virtphy-8b8694c65-sm67d,6,1
1782212495,tc-26-6-1-1-8,msc-test-stub-5b875d749d-nv4dq,1,16
1782212495,tc-26-6-1-1-8,osmo-bsc-594654bd47-589jj,1,5
1782212495,tc-26-6-1-1-8,osmo-bts-virtual-5f8b9b86fc-w94p4,18,5
1782212495,tc-26-6-1-1-8,osmo-hlr-546bdb8988-p2k4t,1,2
1782212495,tc-26-6-1-1-8,osmo-mgw-8c8fc67d6-hxq6f,1,2
1782212495,tc-26-6-1-1-8,osmo-mobile-66cdb6fdb-5v8kp,3,36
1782212495,tc-26-6-1-1-8,osmo-stp-768687f494-brbsd,1,2
1782212495,tc-26-6-1-1-8,ttcn3-tc-26-6-1-1-1-zhmxx,1,6
1782212495,tc-26-6-1-1-8,virtphy-8b8694c65-sm67d,6,1
1782212497,tc-26-6-1-1-8,msc-test-stub-5b875d749d-nv4dq,1,16
1782212497,tc-26-6-1-1-8,osmo-bsc-594654bd47-589jj,1,5
1782212497,tc-26-6-1-1-8,osmo-bts-virtual-5f8b9b86fc-w94p4,18,5
1782212497,tc-26-6-1-1-8,osmo-hlr-546bdb8988-p2k4t,1,2
1782212497,tc-26-6-1-1-8,osmo-mgw-8c8fc67d6-hxq6f,1,2
1782212497,tc-26-6-1-1-8,osmo-mobile-66cdb6fdb-5v8kp,3,36
1782212497,tc-26-6-1-1-8,osmo-stp-768687f494-brbsd,1,2
1782212497,tc-26-6-1-1-8,ttcn3-tc-26-6-1-1-1-zhmxx,1,6
1782212497,tc-26-6-1-1-8,virtphy-8b8694c65-sm67d,6,1
1782212499,tc-26-6-1-1-8,msc-test-stub-5b875d749d-nv4dq,1,16
1782212499,tc-26-6-1-1-8,osmo-bsc-594654bd47-589jj,1,5
1782212499,tc-26-6-1-1-8,osmo-bts-virtual-5f8b9b86fc-w94p4,18,5
1782212499,tc-26-6-1-1-8,osmo-hlr-546bdb8988-p2k4t,1,2
1782212499,tc-26-6-1-1-8,osmo-mgw-8c8fc67d6-hxq6f,1,2
1782212499,tc-26-6-1-1-8,osmo-mobile-66cdb6fdb-5v8kp,3,36
1782212499,tc-26-6-1-1-8,osmo-stp-768687f494-brbsd,1,2
1782212499,tc-26-6-1-1-8,ttcn3-tc-26-6-1-1-1-zhmxx,1,6
1782212499,tc-26-6-1-1-8,virtphy-8b8694c65-sm67d,6,1
1782212501,tc-26-6-1-1-8,msc-test-stub-5b875d749d-nv4dq,1,16
1782212501,tc-26-6-1-1-8,osmo-bsc-594654bd47-589jj,1,5
1782212501,tc-26-6-1-1-8,osmo-bts-virtual-5f8b9b86fc-w94p4,18,5
1782212501,tc-26-6-1-1-8,osmo-hlr-546bdb8988-p2k4t,1,2
1782212501,tc-26-6-1-1-8,osmo-mgw-8c8fc67d6-hxq6f,1,2
1782212501,tc-26-6-1-1-8,osmo-mobile-66cdb6fdb-5v8kp,3,36
1782212501,tc-26-6-1-1-8,osmo-stp-768687f494-brbsd,1,2
1782212501,tc-26-6-1-1-8,ttcn3-tc-26-6-1-1-1-zhmxx,1,6
1782212501,tc-26-6-1-1-8,virtphy-8b8694c65-sm67d,6,1
1782212503,tc-26-6-1-1-8,msc-test-stub-5b875d749d-nv4dq,1,16
1782212503,tc-26-6-1-1-8,osmo-bsc-594654bd47-589jj,1,5
1782212503,tc-26-6-1-1-8,osmo-bts-virtual-5f8b9b86fc-w94p4,16,5
1782212503,tc-26-6-1-1-8,osmo-hlr-546bdb8988-p2k4t,1,2
1782212503,tc-26-6-1-1-8,osmo-mgw-8c8fc67d6-hxq6f,1,2
1782212503,tc-26-6-1-1-8,osmo-mobile-66cdb6fdb-5v8kp,3,36
1782212503,tc-26-6-1-1-8,osmo-stp-768687f494-brbsd,1,2
1782212503,tc-26-6-1-1-8,ttcn3-tc-26-6-1-1-1-zhmxx,1,6
1782212503,tc-26-6-1-1-8,virtphy-8b8694c65-sm67d,6,1
1782212505,tc-26-6-1-1-8,msc-test-stub-5b875d749d-nv4dq,1,16
1782212505,tc-26-6-1-1-8,osmo-bsc-594654bd47-589jj,1,5
1782212505,tc-26-6-1-1-8,osmo-bts-virtual-5f8b9b86fc-w94p4,16,5
1782212505,tc-26-6-1-1-8,osmo-hlr-546bdb8988-p2k4t,1,2
1782212505,tc-26-6-1-1-8,osmo-mgw-8c8fc67d6-hxq6f,1,2
1782212505,tc-26-6-1-1-8,osmo-mobile-66cdb6fdb-5v8kp,3,36
1782212505,tc-26-6-1-1-8,osmo-stp-768687f494-brbsd,1,2
1782212505,tc-26-6-1-1-8,ttcn3-tc-26-6-1-1-1-zhmxx,1,6
1782212505,tc-26-6-1-1-8,virtphy-8b8694c65-sm67d,6,1
1782212508,tc-26-6-1-1-8,msc-test-stub-5b875d749d-nv4dq,1,16
1782212508,tc-26-6-1-1-8,osmo-bsc-594654bd47-589jj,1,5
1782212508,tc-26-6-1-1-8,osmo-bts-virtual-5f8b9b86fc-w94p4,16,5
1782212508,tc-26-6-1-1-8,osmo-hlr-546bdb8988-p2k4t,1,2
1782212508,tc-26-6-1-1-8,osmo-mgw-8c8fc67d6-hxq6f,1,2
1782212508,tc-26-6-1-1-8,osmo-mobile-66cdb6fdb-5v8kp,3,36
1782212508,tc-26-6-1-1-8,osmo-stp-768687f494-brbsd,1,2
1782212508,tc-26-6-1-1-8,ttcn3-tc-26-6-1-1-1-zhmxx,1,6
1782212508,tc-26-6-1-1-8,virtphy-8b8694c65-sm67d,6,1
1782212510,tc-26-6-1-1-8,msc-test-stub-5b875d749d-nv4dq,1,16
1782212510,tc-26-6-1-1-8,osmo-bsc-594654bd47-589jj,1,5
1782212510,tc-26-6-1-1-8,osmo-bts-virtual-5f8b9b86fc-w94p4,16,5
1782212510,tc-26-6-1-1-8,osmo-hlr-546bdb8988-p2k4t,1,2
1782212510,tc-26-6-1-1-8,osmo-mgw-8c8fc67d6-hxq6f,1,2
1782212510,tc-26-6-1-1-8,osmo-mobile-66cdb6fdb-5v8kp,3,36
1782212510,tc-26-6-1-1-8,osmo-stp-768687f494-brbsd,1,2
1782212510,tc-26-6-1-1-8,ttcn3-tc-26-6-1-1-1-zhmxx,1,6
1782212510,tc-26-6-1-1-8,virtphy-8b8694c65-sm67d,6,1
1782212512,tc-26-6-1-1-8,msc-test-stub-5b875d749d-nv4dq,1,16
1782212512,tc-26-6-1-1-8,osmo-bsc-594654bd47-589jj,1,5
1782212512,tc-26-6-1-1-8,osmo-bts-virtual-5f8b9b86fc-w94p4,16,5
1782212512,tc-26-6-1-1-8,osmo-hlr-546bdb8988-p2k4t,1,2
1782212512,tc-26-6-1-1-8,osmo-mgw-8c8fc67d6-hxq6f,1,2
1782212512,tc-26-6-1-1-8,osmo-mobile-66cdb6fdb-5v8kp,3,36
1782212512,tc-26-6-1-1-8,osmo-stp-768687f494-brbsd,1,2
1782212512,tc-26-6-1-1-8,ttcn3-tc-26-6-1-1-1-zhmxx,1,6
1782212512,tc-26-6-1-1-8,virtphy-8b8694c65-sm67d,6,1
1782212514,tc-26-6-1-1-8,msc-test-stub-5b875d749d-nv4dq,1,16
1782212514,tc-26-6-1-1-8,osmo-bsc-594654bd47-589jj,1,5
1782212514,tc-26-6-1-1-8,osmo-bts-virtual-5f8b9b86fc-w94p4,16,5
1782212514,tc-26-6-1-1-8,osmo-hlr-546bdb8988-p2k4t,1,2
1782212514,tc-26-6-1-1-8,osmo-mgw-8c8fc67d6-hxq6f,1,2
1782212514,tc-26-6-1-1-8,osmo-mobile-66cdb6fdb-5v8kp,3,36
1782212514,tc-26-6-1-1-8,osmo-stp-768687f494-brbsd,1,2
1782212514,tc-26-6-1-1-8,ttcn3-tc-26-6-1-1-1-zhmxx,1,6
1782212514,tc-26-6-1-1-8,virtphy-8b8694c65-sm67d,6,1
1782212517,tc-26-6-1-1-8,msc-test-stub-5b875d749d-nv4dq,1,16
1782212517,tc-26-6-1-1-8,osmo-bsc-594654bd47-589jj,1,5
1782212517,tc-26-6-1-1-8,osmo-bts-virtual-5f8b9b86fc-w94p4,16,5
1782212517,tc-26-6-1-1-8,osmo-hlr-546bdb8988-p2k4t,1,2
1782212517,tc-26-6-1-1-8,osmo-mgw-8c8fc67d6-hxq6f,1,2
1782212517,tc-26-6-1-1-8,osmo-mobile-66cdb6fdb-5v8kp,3,36
1782212517,tc-26-6-1-1-8,osmo-stp-768687f494-brbsd,1,2
1782212517,tc-26-6-1-1-8,ttcn3-tc-26-6-1-1-1-zhmxx,1,6
1782212517,tc-26-6-1-1-8,virtphy-8b8694c65-sm67d,6,1
1782212519,tc-26-6-1-1-8,msc-test-stub-5b875d749d-nv4dq,1,16
1782212519,tc-26-6-1-1-8,osmo-bsc-594654bd47-589jj,1,5
1782212519,tc-26-6-1-1-8,osmo-bts-virtual-5f8b9b86fc-w94p4,15,5
1782212519,tc-26-6-1-1-8,osmo-hlr-546bdb8988-p2k4t,1,2
1782212519,tc-26-6-1-1-8,osmo-mgw-8c8fc67d6-hxq6f,1,2
1782212519,tc-26-6-1-1-8,osmo-mobile-66cdb6fdb-5v8kp,3,36
1782212519,tc-26-6-1-1-8,osmo-stp-768687f494-brbsd,1,2
1782212519,tc-26-6-1-1-8,ttcn3-tc-26-6-1-1-1-zhmxx,1,6
1782212519,tc-26-6-1-1-8,virtphy-8b8694c65-sm67d,6,1
1782212521,tc-26-6-1-1-8,msc-test-stub-5b875d749d-nv4dq,1,16
1782212521,tc-26-6-1-1-8,osmo-bsc-594654bd47-589jj,1,5
1782212521,tc-26-6-1-1-8,osmo-bts-virtual-5f8b9b86fc-w94p4,15,5
1782212521,tc-26-6-1-1-8,osmo-hlr-546bdb8988-p2k4t,1,2
1782212521,tc-26-6-1-1-8,osmo-mgw-8c8fc67d6-hxq6f,1,2
1782212521,tc-26-6-1-1-8,osmo-mobile-66cdb6fdb-5v8kp,3,36
1782212521,tc-26-6-1-1-8,osmo-stp-768687f494-brbsd,1,2
1782212521,tc-26-6-1-1-8,ttcn3-tc-26-6-1-1-1-zhmxx,1,6
1782212521,tc-26-6-1-1-8,virtphy-8b8694c65-sm67d,6,1
1782212523,tc-26-6-1-1-8,msc-test-stub-5b875d749d-nv4dq,1,16
1782212523,tc-26-6-1-1-8,osmo-bsc-594654bd47-589jj,1,5
1782212523,tc-26-6-1-1-8,osmo-bts-virtual-5f8b9b86fc-w94p4,15,5
1782212523,tc-26-6-1-1-8,osmo-hlr-546bdb8988-p2k4t,1,2
1782212523,tc-26-6-1-1-8,osmo-mgw-8c8fc67d6-hxq6f,1,2
1782212523,tc-26-6-1-1-8,osmo-mobile-66cdb6fdb-5v8kp,3,36
1782212523,tc-26-6-1-1-8,osmo-stp-768687f494-brbsd,1,2
1782212523,tc-26-6-1-1-8,ttcn3-tc-26-6-1-1-1-zhmxx,1,6
1782212523,tc-26-6-1-1-8,virtphy-8b8694c65-sm67d,6,1
1782212525,tc-26-6-1-1-8,msc-test-stub-5b875d749d-nv4dq,1,16
1782212525,tc-26-6-1-1-8,osmo-bsc-594654bd47-589jj,1,5
1782212525,tc-26-6-1-1-8,osmo-bts-virtual-5f8b9b86fc-w94p4,15,5
1782212525,tc-26-6-1-1-8,osmo-hlr-546bdb8988-p2k4t,1,2
1782212525,tc-26-6-1-1-8,osmo-mgw-8c8fc67d6-hxq6f,1,2
1782212525,tc-26-6-1-1-8,osmo-mobile-66cdb6fdb-5v8kp,3,36
1782212525,tc-26-6-1-1-8,osmo-stp-768687f494-brbsd,1,2
1782212525,tc-26-6-1-1-8,ttcn3-tc-26-6-1-1-1-zhmxx,1,6
1782212525,tc-26-6-1-1-8,virtphy-8b8694c65-sm67d,6,1
1782212528,tc-26-6-1-1-8,msc-test-stub-5b875d749d-nv4dq,1,16
1782212528,tc-26-6-1-1-8,osmo-bsc-594654bd47-589jj,1,5
1782212528,tc-26-6-1-1-8,osmo-bts-virtual-5f8b9b86fc-w94p4,15,5
1782212528,tc-26-6-1-1-8,osmo-hlr-546bdb8988-p2k4t,1,2
1782212528,tc-26-6-1-1-8,osmo-mgw-8c8fc67d6-hxq6f,1,2
1782212528,tc-26-6-1-1-8,osmo-mobile-66cdb6fdb-5v8kp,3,36
1782212528,tc-26-6-1-1-8,osmo-stp-768687f494-brbsd,1,2
1782212528,tc-26-6-1-1-8,ttcn3-tc-26-6-1-1-1-zhmxx,1,6
1782212528,tc-26-6-1-1-8,virtphy-8b8694c65-sm67d,6,1
1782212530,tc-26-6-1-1-8,msc-test-stub-5b875d749d-nv4dq,1,16
1782212530,tc-26-6-1-1-8,osmo-bsc-594654bd47-589jj,1,5
1782212530,tc-26-6-1-1-8,osmo-bts-virtual-5f8b9b86fc-w94p4,15,5
1782212530,tc-26-6-1-1-8,osmo-hlr-546bdb8988-p2k4t,1,2
1782212530,tc-26-6-1-1-8,osmo-mgw-8c8fc67d6-hxq6f,1,2
1782212530,tc-26-6-1-1-8,osmo-mobile-66cdb6fdb-5v8kp,3,36
1782212530,tc-26-6-1-1-8,osmo-stp-768687f494-brbsd,1,2
1782212530,tc-26-6-1-1-8,ttcn3-tc-26-6-1-1-1-zhmxx,1,6
1782212530,tc-26-6-1-1-8,virtphy-8b8694c65-sm67d,6,1
1782212532,tc-26-6-1-1-8,msc-test-stub-5b875d749d-nv4dq,1,16
1782212532,tc-26-6-1-1-8,osmo-bsc-594654bd47-589jj,1,5
1782212532,tc-26-6-1-1-8,osmo-bts-virtual-5f8b9b86fc-w94p4,15,5
1782212532,tc-26-6-1-1-8,osmo-hlr-546bdb8988-p2k4t,1,2
1782212532,tc-26-6-1-1-8,osmo-mgw-8c8fc67d6-hxq6f,1,2
1782212532,tc-26-6-1-1-8,osmo-mobile-66cdb6fdb-5v8kp,3,36
1782212532,tc-26-6-1-1-8,osmo-stp-768687f494-brbsd,1,2
1782212532,tc-26-6-1-1-8,ttcn3-tc-26-6-1-1-1-zhmxx,1,6
1782212532,tc-26-6-1-1-8,virtphy-8b8694c65-sm67d,6,1
1782212535,tc-26-6-1-1-8,msc-test-stub-5b875d749d-nv4dq,1,16
1782212535,tc-26-6-1-1-8,osmo-bsc-594654bd47-589jj,1,5
1782212535,tc-26-6-1-1-8,osmo-bts-virtual-5f8b9b86fc-w94p4,15,5
1782212535,tc-26-6-1-1-8,osmo-hlr-546bdb8988-p2k4t,1,2
1782212535,tc-26-6-1-1-8,osmo-mgw-8c8fc67d6-hxq6f,1,2
1782212535,tc-26-6-1-1-8,osmo-mobile-66cdb6fdb-5v8kp,3,36
1782212535,tc-26-6-1-1-8,osmo-stp-768687f494-brbsd,1,2
1782212535,tc-26-6-1-1-8,ttcn3-tc-26-6-1-1-1-zhmxx,1,6
1782212535,tc-26-6-1-1-8,virtphy-8b8694c65-sm67d,6,1
1782212537,tc-26-6-1-1-8,msc-test-stub-5b875d749d-nv4dq,1,16
1782212537,tc-26-6-1-1-8,osmo-bsc-594654bd47-589jj,1,5
1782212537,tc-26-6-1-1-8,osmo-bts-virtual-5f8b9b86fc-w94p4,15,5
1782212537,tc-26-6-1-1-8,osmo-hlr-546bdb8988-p2k4t,1,2
1782212537,tc-26-6-1-1-8,osmo-mgw-8c8fc67d6-hxq6f,1,2
1782212537,tc-26-6-1-1-8,osmo-mobile-66cdb6fdb-5v8kp,3,36
1782212537,tc-26-6-1-1-8,osmo-stp-768687f494-brbsd,1,2
1782212537,tc-26-6-1-1-8,ttcn3-tc-26-6-1-1-1-zhmxx,1,6
1782212537,tc-26-6-1-1-8,virtphy-8b8694c65-sm67d,6,1
1782212539,tc-26-6-1-1-8,msc-test-stub-5b875d749d-nv4dq,1,16
1782212539,tc-26-6-1-1-8,osmo-bsc-594654bd47-589jj,1,5
1782212539,tc-26-6-1-1-8,osmo-bts-virtual-5f8b9b86fc-w94p4,15,5
1782212539,tc-26-6-1-1-8,osmo-hlr-546bdb8988-p2k4t,1,2
1782212539,tc-26-6-1-1-8,osmo-mgw-8c8fc67d6-hxq6f,1,2
1782212539,tc-26-6-1-1-8,osmo-mobile-66cdb6fdb-5v8kp,3,36
1782212539,tc-26-6-1-1-8,osmo-stp-768687f494-brbsd,1,2
1782212539,tc-26-6-1-1-8,ttcn3-tc-26-6-1-1-1-zhmxx,1,6
1782212539,tc-26-6-1-1-8,virtphy-8b8694c65-sm67d,6,1
1782212541,tc-26-6-1-1-8,msc-test-stub-5b875d749d-nv4dq,1,16
1782212541,tc-26-6-1-1-8,osmo-bsc-594654bd47-589jj,1,5
1782212541,tc-26-6-1-1-8,osmo-bts-virtual-5f8b9b86fc-w94p4,15,5
1782212541,tc-26-6-1-1-8,osmo-hlr-546bdb8988-p2k4t,1,2
1782212541,tc-26-6-1-1-8,osmo-mgw-8c8fc67d6-hxq6f,1,2
1782212541,tc-26-6-1-1-8,osmo-mobile-66cdb6fdb-5v8kp,3,36
1782212541,tc-26-6-1-1-8,osmo-stp-768687f494-brbsd,1,2
1782212541,tc-26-6-1-1-8,ttcn3-tc-26-6-1-1-1-zhmxx,1,6
1782212541,tc-26-6-1-1-8,virtphy-8b8694c65-sm67d,6,1
1782212544,tc-26-6-1-1-8,msc-test-stub-5b875d749d-nv4dq,1,16
1782212544,tc-26-6-1-1-8,osmo-bsc-594654bd47-589jj,1,5
1782212544,tc-26-6-1-1-8,osmo-bts-virtual-5f8b9b86fc-w94p4,15,5
1782212544,tc-26-6-1-1-8,osmo-hlr-546bdb8988-p2k4t,1,2
1782212544,tc-26-6-1-1-8,osmo-mgw-8c8fc67d6-hxq6f,1,2
1782212544,tc-26-6-1-1-8,osmo-mobile-66cdb6fdb-5v8kp,3,36
1782212544,tc-26-6-1-1-8,osmo-stp-768687f494-brbsd,1,2
1782212544,tc-26-6-1-1-8,ttcn3-tc-26-6-1-1-1-zhmxx,1,6
1782212544,tc-26-6-1-1-8,virtphy-8b8694c65-sm67d,6,1
1782212546,tc-26-6-1-1-8,msc-test-stub-5b875d749d-nv4dq,1,16
1782212546,tc-26-6-1-1-8,osmo-bsc-594654bd47-589jj,1,5
1782212546,tc-26-6-1-1-8,osmo-bts-virtual-5f8b9b86fc-w94p4,15,5
1782212546,tc-26-6-1-1-8,osmo-hlr-546bdb8988-p2k4t,1,2
1782212546,tc-26-6-1-1-8,osmo-mgw-8c8fc67d6-hxq6f,1,2
1782212546,tc-26-6-1-1-8,osmo-mobile-66cdb6fdb-5v8kp,3,36
1782212546,tc-26-6-1-1-8,osmo-stp-768687f494-brbsd,1,2
1782212546,tc-26-6-1-1-8,ttcn3-tc-26-6-1-1-1-zhmxx,1,6
1782212546,tc-26-6-1-1-8,virtphy-8b8694c65-sm67d,6,1
1782212548,tc-26-6-1-1-8,osmo-bsc-594654bd47-589jj,1,5
1782212548,tc-26-6-1-1-8,osmo-bts-virtual-5f8b9b86fc-w94p4,16,5
1782212548,tc-26-6-1-1-8,osmo-hlr-546bdb8988-p2k4t,1,2
1782212548,tc-26-6-1-1-8,osmo-mgw-8c8fc67d6-hxq6f,1,2
1782212548,tc-26-6-1-1-8,osmo-mobile-66cdb6fdb-5v8kp,4,38
1782212548,tc-26-6-1-1-8,osmo-stp-768687f494-brbsd,1,2
1782212548,tc-26-6-1-1-8,ttcn3-tc-26-6-1-1-1-zhmxx,1,6
1782212548,tc-26-6-1-1-8,virtphy-8b8694c65-sm67d,6,1
1782212550,tc-26-6-1-1-8,osmo-bsc-594654bd47-589jj,1,5
1782212550,tc-26-6-1-1-8,osmo-bts-virtual-5f8b9b86fc-w94p4,16,5
1782212550,tc-26-6-1-1-8,osmo-hlr-546bdb8988-p2k4t,1,2
1782212550,tc-26-6-1-1-8,osmo-mgw-8c8fc67d6-hxq6f,1,2
1782212550,tc-26-6-1-1-8,osmo-mobile-66cdb6fdb-5v8kp,4,38
1782212550,tc-26-6-1-1-8,osmo-stp-768687f494-brbsd,1,2
1782212550,tc-26-6-1-1-8,ttcn3-tc-26-6-1-1-1-zhmxx,1,6
1782212550,tc-26-6-1-1-8,virtphy-8b8694c65-sm67d,6,1
1782212553,tc-26-6-1-1-8,osmo-bsc-594654bd47-589jj,1,5
1782212553,tc-26-6-1-1-8,osmo-bts-virtual-5f8b9b86fc-w94p4,16,5
1782212553,tc-26-6-1-1-8,osmo-hlr-546bdb8988-p2k4t,1,2
1782212553,tc-26-6-1-1-8,osmo-mgw-8c8fc67d6-hxq6f,1,2
1782212553,tc-26-6-1-1-8,osmo-mobile-66cdb6fdb-5v8kp,4,38
1782212553,tc-26-6-1-1-8,osmo-stp-768687f494-brbsd,1,2
1782212553,tc-26-6-1-1-8,ttcn3-tc-26-6-1-1-1-zhmxx,1,6
1782212553,tc-26-6-1-1-8,virtphy-8b8694c65-sm67d,6,1
1782212555,tc-26-6-1-1-8,osmo-bsc-594654bd47-589jj,1,5
1782212555,tc-26-6-1-1-8,osmo-bts-virtual-5f8b9b86fc-w94p4,16,5
1782212555,tc-26-6-1-1-8,osmo-hlr-546bdb8988-p2k4t,1,2
1782212555,tc-26-6-1-1-8,osmo-mgw-8c8fc67d6-hxq6f,1,2
1782212555,tc-26-6-1-1-8,osmo-mobile-66cdb6fdb-5v8kp,4,38
1782212555,tc-26-6-1-1-8,osmo-stp-768687f494-brbsd,1,2
1782212555,tc-26-6-1-1-8,ttcn3-tc-26-6-1-1-1-zhmxx,1,6
1782212555,tc-26-6-1-1-8,virtphy-8b8694c65-sm67d,6,1
1782212557,tc-26-6-1-1-8,osmo-bsc-594654bd47-589jj,1,5
1782212557,tc-26-6-1-1-8,osmo-bts-virtual-5f8b9b86fc-w94p4,16,5
1782212557,tc-26-6-1-1-8,osmo-hlr-546bdb8988-p2k4t,1,2
1782212557,tc-26-6-1-1-8,osmo-mgw-8c8fc67d6-hxq6f,1,2
1782212557,tc-26-6-1-1-8,osmo-mobile-66cdb6fdb-5v8kp,4,38
1782212557,tc-26-6-1-1-8,osmo-stp-768687f494-brbsd,1,2
1782212557,tc-26-6-1-1-8,ttcn3-tc-26-6-1-1-1-zhmxx,1,6
1782212557,tc-26-6-1-1-8,virtphy-8b8694c65-sm67d,6,1
1782212559,tc-26-6-1-1-8,osmo-bsc-594654bd47-589jj,1,5
1782212559,tc-26-6-1-1-8,osmo-bts-virtual-5f8b9b86fc-w94p4,16,5
1782212559,tc-26-6-1-1-8,osmo-hlr-546bdb8988-p2k4t,1,2
1782212559,tc-26-6-1-1-8,osmo-mgw-8c8fc67d6-hxq6f,1,2
1782212559,tc-26-6-1-1-8,osmo-mobile-66cdb6fdb-5v8kp,4,38
1782212559,tc-26-6-1-1-8,osmo-stp-768687f494-brbsd,1,2
1782212559,tc-26-6-1-1-8,ttcn3-tc-26-6-1-1-1-zhmxx,1,6
1782212559,tc-26-6-1-1-8,virtphy-8b8694c65-sm67d,6,1
1782212561,tc-26-6-1-1-8,osmo-bsc-594654bd47-589jj,1,5
1782212561,tc-26-6-1-1-8,osmo-bts-virtual-5f8b9b86fc-w94p4,16,5
1782212561,tc-26-6-1-1-8,osmo-hlr-546bdb8988-p2k4t,1,2
1782212561,tc-26-6-1-1-8,osmo-mgw-8c8fc67d6-hxq6f,1,2
1782212561,tc-26-6-1-1-8,osmo-mobile-66cdb6fdb-5v8kp,4,38
1782212561,tc-26-6-1-1-8,osmo-stp-768687f494-brbsd,1,2
1782212561,tc-26-6-1-1-8,ttcn3-tc-26-6-1-1-1-zhmxx,1,6
1782212561,tc-26-6-1-1-8,virtphy-8b8694c65-sm67d,6,1
1782212564,tc-26-6-1-1-8,msc-test-stub-5b875d749d-nv4dq,7,16
1782212564,tc-26-6-1-1-8,osmo-bsc-594654bd47-589jj,1,5
1782212564,tc-26-6-1-1-8,osmo-bts-virtual-5f8b9b86fc-w94p4,15,5
1782212564,tc-26-6-1-1-8,osmo-hlr-546bdb8988-p2k4t,1,2
1782212564,tc-26-6-1-1-8,osmo-mgw-8c8fc67d6-hxq6f,1,2
1782212564,tc-26-6-1-1-8,osmo-mobile-66cdb6fdb-5v8kp,3,38
1782212564,tc-26-6-1-1-8,osmo-stp-768687f494-brbsd,1,2
1782212564,tc-26-6-1-1-8,ttcn3-tc-26-6-1-1-1-zhmxx,1,6
1782212564,tc-26-6-1-1-8,virtphy-8b8694c65-sm67d,7,1
1782212566,tc-26-6-1-1-8,msc-test-stub-5b875d749d-nv4dq,7,16
1782212566,tc-26-6-1-1-8,osmo-bsc-594654bd47-589jj,1,5
1782212566,tc-26-6-1-1-8,osmo-bts-virtual-5f8b9b86fc-w94p4,15,5
1782212566,tc-26-6-1-1-8,osmo-hlr-546bdb8988-p2k4t,1,2
1782212566,tc-26-6-1-1-8,osmo-mgw-8c8fc67d6-hxq6f,1,2
1782212566,tc-26-6-1-1-8,osmo-mobile-66cdb6fdb-5v8kp,3,38
1782212566,tc-26-6-1-1-8,osmo-stp-768687f494-brbsd,1,2
1782212566,tc-26-6-1-1-8,ttcn3-tc-26-6-1-1-1-zhmxx,1,6
1782212566,tc-26-6-1-1-8,virtphy-8b8694c65-sm67d,7,1
1782212568,tc-26-6-1-1-8,msc-test-stub-5b875d749d-nv4dq,7,16
1782212568,tc-26-6-1-1-8,osmo-bsc-594654bd47-589jj,1,5
1782212568,tc-26-6-1-1-8,osmo-bts-virtual-5f8b9b86fc-w94p4,15,5
1782212568,tc-26-6-1-1-8,osmo-hlr-546bdb8988-p2k4t,1,2
1782212568,tc-26-6-1-1-8,osmo-mgw-8c8fc67d6-hxq6f,1,2
1782212568,tc-26-6-1-1-8,osmo-mobile-66cdb6fdb-5v8kp,3,38
1782212568,tc-26-6-1-1-8,osmo-stp-768687f494-brbsd,1,2
1782212568,tc-26-6-1-1-8,ttcn3-tc-26-6-1-1-1-zhmxx,1,6
1782212568,tc-26-6-1-1-8,virtphy-8b8694c65-sm67d,7,1
1782212570,tc-26-6-1-1-8,msc-test-stub-5b875d749d-nv4dq,7,16
1782212570,tc-26-6-1-1-8,osmo-bsc-594654bd47-589jj,1,5
1782212570,tc-26-6-1-1-8,osmo-bts-virtual-5f8b9b86fc-w94p4,15,5
1782212570,tc-26-6-1-1-8,osmo-hlr-546bdb8988-p2k4t,1,2
1782212570,tc-26-6-1-1-8,osmo-mgw-8c8fc67d6-hxq6f,1,2
1782212570,tc-26-6-1-1-8,osmo-mobile-66cdb6fdb-5v8kp,3,38
1782212570,tc-26-6-1-1-8,osmo-stp-768687f494-brbsd,1,2
1782212570,tc-26-6-1-1-8,ttcn3-tc-26-6-1-1-1-zhmxx,1,6
1782212570,tc-26-6-1-1-8,virtphy-8b8694c65-sm67d,7,1
1782212573,tc-26-6-1-1-8,msc-test-stub-5b875d749d-nv4dq,7,16
1782212573,tc-26-6-1-1-8,osmo-bsc-594654bd47-589jj,1,5
1782212573,tc-26-6-1-1-8,osmo-bts-virtual-5f8b9b86fc-w94p4,15,5
1782212573,tc-26-6-1-1-8,osmo-hlr-546bdb8988-p2k4t,1,2
1782212573,tc-26-6-1-1-8,osmo-mgw-8c8fc67d6-hxq6f,1,2
1782212573,tc-26-6-1-1-8,osmo-mobile-66cdb6fdb-5v8kp,3,38
1782212573,tc-26-6-1-1-8,osmo-stp-768687f494-brbsd,1,2
1782212573,tc-26-6-1-1-8,ttcn3-tc-26-6-1-1-1-zhmxx,1,6
1782212573,tc-26-6-1-1-8,virtphy-8b8694c65-sm67d,7,1
1782212575,tc-26-6-1-1-8,msc-test-stub-5b875d749d-nv4dq,7,16
1782212575,tc-26-6-1-1-8,osmo-bsc-594654bd47-589jj,1,5
1782212575,tc-26-6-1-1-8,osmo-bts-virtual-5f8b9b86fc-w94p4,15,5
1782212575,tc-26-6-1-1-8,osmo-hlr-546bdb8988-p2k4t,1,2
1782212575,tc-26-6-1-1-8,osmo-mgw-8c8fc67d6-hxq6f,1,2
1782212575,tc-26-6-1-1-8,osmo-mobile-66cdb6fdb-5v8kp,3,38
1782212575,tc-26-6-1-1-8,osmo-stp-768687f494-brbsd,1,2
1782212575,tc-26-6-1-1-8,ttcn3-tc-26-6-1-1-1-zhmxx,1,6
1782212575,tc-26-6-1-1-8,virtphy-8b8694c65-sm67d,7,1
1782212577,tc-26-6-1-1-8,msc-test-stub-5b875d749d-nv4dq,7,16
1782212577,tc-26-6-1-1-8,osmo-bsc-594654bd47-589jj,1,5
1782212577,tc-26-6-1-1-8,osmo-bts-virtual-5f8b9b86fc-w94p4,15,5
1782212577,tc-26-6-1-1-8,osmo-hlr-546bdb8988-p2k4t,1,2
1782212577,tc-26-6-1-1-8,osmo-mgw-8c8fc67d6-hxq6f,1,2
1782212577,tc-26-6-1-1-8,osmo-mobile-66cdb6fdb-5v8kp,3,38
1782212577,tc-26-6-1-1-8,osmo-stp-768687f494-brbsd,1,2
1782212577,tc-26-6-1-1-8,ttcn3-tc-26-6-1-1-1-zhmxx,1,6
1782212577,tc-26-6-1-1-8,virtphy-8b8694c65-sm67d,7,1
1782212579,tc-26-6-1-1-8,msc-test-stub-5b875d749d-nv4dq,7,16
1782212579,tc-26-6-1-1-8,osmo-bsc-594654bd47-589jj,1,5
1782212579,tc-26-6-1-1-8,osmo-bts-virtual-5f8b9b86fc-w94p4,16,5
1782212579,tc-26-6-1-1-8,osmo-hlr-546bdb8988-p2k4t,1,2
1782212579,tc-26-6-1-1-8,osmo-mgw-8c8fc67d6-hxq6f,1,2
1782212579,tc-26-6-1-1-8,osmo-mobile-66cdb6fdb-5v8kp,3,38
1782212579,tc-26-6-1-1-8,osmo-stp-768687f494-brbsd,1,2
1782212579,tc-26-6-1-1-8,ttcn3-tc-26-6-1-1-1-zhmxx,1,6
1782212579,tc-26-6-1-1-8,virtphy-8b8694c65-sm67d,7,1
1782212581,tc-26-6-1-1-8,msc-test-stub-5b875d749d-nv4dq,7,16
1782212581,tc-26-6-1-1-8,osmo-bsc-594654bd47-589jj,1,5
1782212581,tc-26-6-1-1-8,osmo-bts-virtual-5f8b9b86fc-w94p4,16,5
1782212581,tc-26-6-1-1-8,osmo-hlr-546bdb8988-p2k4t,1,2
1782212581,tc-26-6-1-1-8,osmo-mgw-8c8fc67d6-hxq6f,1,2
1782212581,tc-26-6-1-1-8,osmo-mobile-66cdb6fdb-5v8kp,3,38
1782212581,tc-26-6-1-1-8,osmo-stp-768687f494-brbsd,1,2
1782212581,tc-26-6-1-1-8,ttcn3-tc-26-6-1-1-1-zhmxx,1,6
1782212581,tc-26-6-1-1-8,virtphy-8b8694c65-sm67d,7,1
1782212583,tc-26-6-1-1-8,msc-test-stub-5b875d749d-nv4dq,7,16
1782212583,tc-26-6-1-1-8,osmo-bsc-594654bd47-589jj,1,5
1782212583,tc-26-6-1-1-8,osmo-bts-virtual-5f8b9b86fc-w94p4,16,5
1782212583,tc-26-6-1-1-8,osmo-hlr-546bdb8988-p2k4t,1,2
1782212583,tc-26-6-1-1-8,osmo-mgw-8c8fc67d6-hxq6f,1,2
1782212583,tc-26-6-1-1-8,osmo-mobile-66cdb6fdb-5v8kp,3,38
1782212583,tc-26-6-1-1-8,osmo-stp-768687f494-brbsd,1,2
1782212583,tc-26-6-1-1-8,ttcn3-tc-26-6-1-1-1-zhmxx,1,6
1782212583,tc-26-6-1-1-8,virtphy-8b8694c65-sm67d,7,1
1782212585,tc-26-6-1-1-8,msc-test-stub-5b875d749d-nv4dq,7,16
1782212585,tc-26-6-1-1-8,osmo-bsc-594654bd47-589jj,1,5
1782212585,tc-26-6-1-1-8,osmo-bts-virtual-5f8b9b86fc-w94p4,16,5
1782212585,tc-26-6-1-1-8,osmo-hlr-546bdb8988-p2k4t,1,2
1782212585,tc-26-6-1-1-8,osmo-mgw-8c8fc67d6-hxq6f,1,2
1782212585,tc-26-6-1-1-8,osmo-mobile-66cdb6fdb-5v8kp,3,38
1782212585,tc-26-6-1-1-8,osmo-stp-768687f494-brbsd,1,2
1782212585,tc-26-6-1-1-8,ttcn3-tc-26-6-1-1-1-zhmxx,1,6
1782212585,tc-26-6-1-1-8,virtphy-8b8694c65-sm67d,7,1
1782212588,tc-26-6-1-1-8,msc-test-stub-5b875d749d-nv4dq,7,16
1782212588,tc-26-6-1-1-8,osmo-bsc-594654bd47-589jj,1,5
1782212588,tc-26-6-1-1-8,osmo-bts-virtual-5f8b9b86fc-w94p4,16,5
1782212588,tc-26-6-1-1-8,osmo-hlr-546bdb8988-p2k4t,1,2
1782212588,tc-26-6-1-1-8,osmo-mgw-8c8fc67d6-hxq6f,1,2
1782212588,tc-26-6-1-1-8,osmo-mobile-66cdb6fdb-5v8kp,3,38
1782212588,tc-26-6-1-1-8,osmo-stp-768687f494-brbsd,1,2
1782212588,tc-26-6-1-1-8,ttcn3-tc-26-6-1-1-1-zhmxx,1,6
1782212588,tc-26-6-1-1-8,virtphy-8b8694c65-sm67d,7,1
1782212590,tc-26-6-1-1-8,msc-test-stub-5b875d749d-nv4dq,7,16
1782212590,tc-26-6-1-1-8,osmo-bsc-594654bd47-589jj,1,5
1782212590,tc-26-6-1-1-8,osmo-bts-virtual-5f8b9b86fc-w94p4,16,5
1782212590,tc-26-6-1-1-8,osmo-hlr-546bdb8988-p2k4t,1,2
1782212590,tc-26-6-1-1-8,osmo-mgw-8c8fc67d6-hxq6f,1,2
1782212590,tc-26-6-1-1-8,osmo-mobile-66cdb6fdb-5v8kp,3,38
1782212590,tc-26-6-1-1-8,osmo-stp-768687f494-brbsd,1,2
1782212590,tc-26-6-1-1-8,ttcn3-tc-26-6-1-1-1-zhmxx,1,6
1782212590,tc-26-6-1-1-8,virtphy-8b8694c65-sm67d,7,1
1782212592,tc-26-6-1-1-8,msc-test-stub-5b875d749d-nv4dq,7,16
1782212592,tc-26-6-1-1-8,osmo-bsc-594654bd47-589jj,1,5
1782212592,tc-26-6-1-1-8,osmo-bts-virtual-5f8b9b86fc-w94p4,16,5
1782212592,tc-26-6-1-1-8,osmo-hlr-546bdb8988-p2k4t,1,2
1782212592,tc-26-6-1-1-8,osmo-mgw-8c8fc67d6-hxq6f,1,2
1782212592,tc-26-6-1-1-8,osmo-mobile-66cdb6fdb-5v8kp,3,38
1782212592,tc-26-6-1-1-8,osmo-stp-768687f494-brbsd,1,2
1782212592,tc-26-6-1-1-8,ttcn3-tc-26-6-1-1-1-zhmxx,1,6
1782212592,tc-26-6-1-1-8,virtphy-8b8694c65-sm67d,7,1
1782212594,tc-26-6-1-1-8,msc-test-stub-5b875d749d-nv4dq,1,16
1782212594,tc-26-6-1-1-8,osmo-bsc-594654bd47-589jj,1,5
1782212594,tc-26-6-1-1-8,osmo-bts-virtual-5f8b9b86fc-w94p4,15,5
1782212594,tc-26-6-1-1-8,osmo-hlr-546bdb8988-p2k4t,1,2
1782212594,tc-26-6-1-1-8,osmo-mgw-8c8fc67d6-hxq6f,1,2
1782212594,tc-26-6-1-1-8,osmo-mobile-66cdb6fdb-5v8kp,3,38
1782212594,tc-26-6-1-1-8,osmo-stp-768687f494-brbsd,1,2
1782212594,tc-26-6-1-1-8,ttcn3-tc-26-6-1-1-1-zhmxx,1,6
1782212594,tc-26-6-1-1-8,virtphy-8b8694c65-sm67d,6,1
1782212596,tc-26-6-1-1-8,msc-test-stub-5b875d749d-nv4dq,1,16
1782212596,tc-26-6-1-1-8,osmo-bsc-594654bd47-589jj,1,5
1782212596,tc-26-6-1-1-8,osmo-bts-virtual-5f8b9b86fc-w94p4,15,5
1782212596,tc-26-6-1-1-8,osmo-hlr-546bdb8988-p2k4t,1,2
1782212596,tc-26-6-1-1-8,osmo-mgw-8c8fc67d6-hxq6f,1,2
1782212596,tc-26-6-1-1-8,osmo-mobile-66cdb6fdb-5v8kp,3,38
1782212596,tc-26-6-1-1-8,osmo-stp-768687f494-brbsd,1,2
1782212596,tc-26-6-1-1-8,virtphy-8b8694c65-sm67d,6,1
1782212598,tc-26-6-1-1-8,msc-test-stub-5b875d749d-nv4dq,1,16
1782212598,tc-26-6-1-1-8,osmo-bsc-594654bd47-589jj,1,5
1782212598,tc-26-6-1-1-8,osmo-bts-virtual-5f8b9b86fc-w94p4,15,5
1782212598,tc-26-6-1-1-8,osmo-hlr-546bdb8988-p2k4t,1,2
1782212598,tc-26-6-1-1-8,osmo-mgw-8c8fc67d6-hxq6f,1,2
1782212598,tc-26-6-1-1-8,osmo-mobile-66cdb6fdb-5v8kp,3,38
1782212598,tc-26-6-1-1-8,osmo-stp-768687f494-brbsd,1,2
1782212598,tc-26-6-1-1-8,virtphy-8b8694c65-sm67d,6,1
